0.4500 0
0.9500 0
1.4500 0
1.8000 1
2.2000 1
2.7000 1
3.2000 1
3.7500 1
4.2500 1
4.6500 1
4.9000 2
5.4000 2
5.7500 2
5.9500 2
6.4500 2
6.5000 2
7.0500 2
7.3500 2
7.4500 2
7.8500 2
8.3000 3
8.8000 3
8.9500 3
9.2000 3
9.7000 3
10.1000 3
10.5000 3
10.8000 3
11.2500 3
11.8000 3
12.3000 3
12.8500 3
13.3500 3
13.7500 4
14.1000 4
14.5000 4
14.6500 4
15.1500 4
15.5500 4
15.8500 4
16.3500 4
16.7500 4
17.2500 4
17.5500 4
18.0500 4
18.6000 4
19.1000 4
19.5000 5
20.0000 5
20.4000 5
20.9500 5
21.4500 5
21.9000 5
22.4000 6
22.6000 6
22.8500 6
23.2000 6
23.7500 6
24.2000 6
24.7000 6
25.2500 6
25.7500 6
26.3000 6
26.5000 6
27.0000 6
27.3000 6
27.5000 6
28.0000 6
28.5500 6
29.0500 6
29.6000 6
30.1000 6
30.5500 7
30.9000 7
31.1000 7
31.3500 7
31.4000 7
31.9000 7
32.1500 7
32.3500 7
32.8500 7
33.3000 7
33.8500 7
34.4000 7
34.9000 7
35.4500 7
35.7500 7
36.1500 7
36.6500 7
37.0500 7
37.1500 7
37.5000 7
38.0500 8
38.2500 8
38.8000 8
39.3500 8
39.8500 8
40.0000 8
40.2000 8
40.7500 8
41.2500 8
41.7500 9
42.0000 9
42.3000 9
42.5500 9
42.7500 9
43.2500 9
43.5500 9
43.8500 9
44.2500 9
44.8000 9
45.0000 9
45.5000 9
46.0500 10
46.5500 10
47.1000 10
47.6000 10
48.1500 10
48.7000 10
49.0500 10
49.5500 11
50.1000 11
50.6500 11
51.1500 11
51.3000 11
51.4000 11
51.5000 11
51.7000 11
52.2500 11
52.5500 11
53.0000 11
53.5500 12
54.1000 12
54.6000 12
54.9000 12
55.1000 12
55.5000 12
55.9000 12
56.1500 12
56.7000 12
56.8000 12
57.3000 12
57.4500 12
57.7000 12
58.0500 12
58.4500 12
58.9000 12
59.4500 12
59.9500 12
60.5000 12