0.5000 0
0.9500 0
1.4500 0
1.8000 0
2.3000 0
2.6000 0
2.7500 0
2.9500 0
3.3500 0
3.5000 0
4.0000 0
4.1500 0
4.5000 0
5.0000 0
5.5000 0
5.9500 1
6.3500 1
6.8000 1
7.3000 1
7.7000 1
8.2000 1
8.7000 1
9.2500 1
9.4500 1
9.9500 1
10.5000 1
11.0000 2
11.4000 2
11.6500 2
12.0000 2
12.2500 2
12.4000 2
12.7000 2
13.0500 2
13.6000 2
14.1000 2
14.5000 3
15.0000 3
15.5500 3
16.0500 3
16.2500 3
16.3500 3
16.9000 3
17.4000 3
17.9500 3
18.0500 3
18.6000 3
19.1000 3
19.6500 3
20.1500 3
20.6500 3
20.7000 3
21.2500 3
21.7000 3
22.2500 3
22.4000 3
22.9500 3
23.4000 3
23.6500 3
23.8000 3
24.3000 3
24.6500 3
25.0500 3
25.3000 3
25.6500 3
26.1000 3
26.6000 3
26.8000 3
27.0000 4
27.3500 4
27.8500 4
28.1500 4
28.4500 4
28.6500 4
29.1000 4
29.3500 4
29.8500 4
30.2500 4
30.3500 4
30.9000 4
31.2500 5
31.7000 5
32.0000 5
32.3500 5
32.8000 5
33.3500 5
33.6500 5
33.9500 5
34.2000 5
34.3500 5
34.5500 5
35.1000 6
35.5500 6
35.8500 6
35.9500 6
36.4000 6
36.9000 6
37.4000 6
37.8500 6
37.9500 7
38.1500 7
38.4500 7
38.8000 7
39.1500 7
39.5000 7
39.7500 7
39.9000 7
40.1500 7
40.5500 7
40.6500 7
40.8500 7
41.0500 7
41.1500 7
41.2500 7
41.4000 7
41.7500 7
42.1500 8
42.3500 8
42.7000 8
43.2000 8
43.6000 8
43.9000 8
44.1500 8
44.5500 8
44.9500 8
45.1000 8
45.4000 8
45.7000 8
45.9500 8
46.3500 8
46.6000 8
46.8500 8
47.0000 8
47.3000 8
47.7000 9
48.0500 9
48.5500 9
49.1000 9
49.2500 9
49.5000 9
49.9500 9
50.3500 9
50.7500 10
51.1000 10
51.6000 10
51.8500 10
52.2000 10
52.5000 10
52.7000 11
53.0500 11
53.3500 11
53.6000 11
53.8000 11
53.9500 11
54.2000 11
54.3000 11
54.5500 11
54.9000 11
55.2000 11
55.4500 11
55.6500 11
55.8500 11
56.2500 11
56.5000 11
56.6500 11
57.0000 12
57.2500 12
57.5500 12
57.7000 12
57.9000 12
58.2000 12
58.4500 12
58.8500 12
59.1500 12
59.6000 13
59.8500 13
60.1500 13