0.3500 0
0.7500 0
0.8500 0
1.1000 0
1.3500 0
1.7000 0
2.0500 0
2.5500 0
3.1000 0
3.5500 0
3.8500 0
4.1000 0
4.3000 0
4.8000 0
5.0500 0
5.5000 1
6.0500 1
6.3000 1
6.6500 1
6.8500 1
7.3500 1
7.6000 1
7.8000 1
8.0000 1
8.5000 1
8.6000 1
8.7500 1
9.2000 1
9.4000 1
9.6500 1
10.0000 1
10.3000 2
10.6500 2
11.1500 2
11.6500 2
11.9000 2
12.1000 2
12.3500 2
12.8500 2
13.1000 2
13.3500 2
13.8000 2
14.2000 3
14.6000 3
14.8000 3
15.1500 3
15.4500 3
16.0000 3
16.3000 3
16.7500 3
17.0000 3
17.4500 3
17.9000 3
18.4500 3
18.6000 3
18.9500 4
19.0500 4
19.3000 4
19.6000 4
19.9500 4
20.2000 4
20.4000 4
20.9000 4
21.2500 4
21.4000 4
21.7500 4
22.1000 4
22.3500 5
22.8500 5
23.1000 5
23.4500 5
23.8000 5
24.3000 5
24.6000 5
24.9000 5
25.0000 5
25.2000 5
25.5500 5
25.7000 5
26.0500 5
26.3500 6
26.7500 6
27.1000 6
27.4000 6
27.8500 6
28.4000 6
28.9000 6
29.3000 7
29.8500 7
30.3000 7
30.7500 7
31.0500 7
31.5500 7
32.0000 7
32.2000 7
32.7500 8
33.2000 8
33.6500 8
34.0500 8
34.5500 8
34.8000 8
34.9500 8
35.2500 8
35.6500 8
36.0500 8
36.3500 8
36.7500 9
37.3000 9
37.5000 9
38.0500 9
38.1500 9
38.4500 9
38.6500 9
38.8500 9
39.2500 9
39.5000 9
39.9000 9
40.0500 9
40.2500 10
40.5500 10
40.8000 10
41.1000 10
41.4000 10
41.6000 10
42.1000 10
42.6500 10
43.0000 10
43.3500 10
43.5000 10
43.9500 10
44.2500 10
44.7500 11
45.3000 11
45.5000 11
46.0500 11
46.3500 11
46.5000 11
46.9000 11
47.2000 12
47.4500 12
47.9500 12
48.1000 12
48.3500 12
48.7000 12
49.2000 12
49.7500 12
50.0500 12
50.2500 12
50.8000 12
51.2000 12
51.6000 13
51.8500 13
52.0500 13
52.6000 13
53.1500 13
53.6500 13
54.0500 13
54.1500 13
54.7000 14
54.8500 14
55.2500 14
55.7500 14
56.1500 14
56.5500 14
56.8500 14
57.3000 14
57.8000 14
58.1000 14
58.6500 14
59.1000 14
59.4500 14
59.9000 14
60.1500 14