0.5000 0
1.0000 0
1.5000 0
1.9000 1
2.3000 1
2.8500 1
3.2500 1
3.7000 1
4.1000 1
4.6000 1
5.1500 2
5.6500 2
6.1500 2
6.6500 2
7.2000 2
7.7000 2
8.1000 3
8.6000 3
9.1000 3
9.6500 3
10.1500 3
10.7000 3
10.8000 3
11.0500 3
11.3000 3
11.7500 3
12.2500 3
12.8000 3
13.3000 3
13.7000 4
14.0000 4
14.5000 4
14.8500 4
15.2000 4
15.4500 4
15.9500 4
16.3500 4
16.8500 4
17.4000 4
17.6500 4
18.2000 4
18.7000 4
19.2000 4
19.5000 4
20.0500 4
20.5500 4
20.7500 4
21.2000 4
21.4000 5
21.8500 5
22.3500 5
22.5500 5
22.8000 5
23.3500 5
23.8500 6
24.4000 6
24.9000 6
25.4500 6
25.7500 6
26.3000 6
26.6000 7
27.1500 7
27.7000 7
28.2500 7
28.6000 7
29.1000 7
29.6500 7
30.1500 7
30.7000 8
31.2000 8
31.7000 8
32.0500 8
32.5500 8
32.9500 8
33.4000 8
33.8500 9
34.4000 9
34.6500 9
34.9000 9
35.2000 9
35.6000 9
36.1000 9
36.6000 9
36.8500 9
37.0500 10
37.4000 10
37.9000 10
38.0500 10
38.3500 10
38.8500 10
39.4000 10
39.8500 10
40.3500 11
40.8500 11
41.4000 11
41.9500 11
42.2500 11
42.7500 11
43.2500 11
43.8000 11
44.3000 12
44.8500 12
45.4000 12
45.9500 12
46.3500 12
46.8500 12
47.1500 12
47.6500 12
48.1500 12
48.6500 12
49.2000 12
49.5000 12
50.0000 12
50.2500 12
50.6000 13
51.1500 13
51.6500 13
52.1500 13
52.6500 13
53.2000 13
53.7000 13
54.2500 13
54.8000 13
55.2000 13
55.7000 13
56.0000 14
56.5000 14
57.0500 14
57.5000 14
58.0500 14
58.3500 14
58.9000 14
59.4500 14
59.8000 15
60.3000 15