0.5000 0
1.0000 0
1.3500 0
1.9000 0
2.3000 0
2.8500 0
3.1500 0
3.7000 0
4.1000 0
4.6000 0
5.1500 0
5.4000 0
5.8000 1
6.2000 1
6.7000 1
7.2500 1
7.7500 1
8.3000 1
8.6000 1
9.1000 1
9.3500 1
9.7500 1
10.0500 1
10.4500 1
10.7500 2
11.1000 2
11.5000 2
11.9000 2
12.3500 2
12.7000 2
13.1000 2
13.6000 2
13.9000 2
14.1000 2
14.6000 3
15.1000 3
15.6000 3
16.0500 3
16.6000 3
17.1000 3
17.6500 3
18.0500 3
18.3000 3
18.8000 3
19.2000 3
19.7000 3
20.2500 3
20.7500 3
21.3000 3
21.5000 3
21.9000 3
22.2500 3
22.6000 3
23.0500 3
23.6000 3
24.1000 3
24.2500 3
24.4500 3
24.7500 3
25.0000 3
25.5500 3
26.0500 3
26.2500 3
26.5000 3
27.0000 3
27.5500 4
28.0500 4
28.2000 4
28.7000 4
29.2500 4
29.7500 4
30.3000 4
30.6000 4
31.1500 4
31.5500 4
32.0500 5
32.2500 5
32.7500 5
33.1500 5
33.5500 5
33.8500 5
34.1500 5
34.6500 5
35.2000 5
35.7500 5
36.0000 5
36.5000 5
37.0500 5
37.6000 5
38.0500 5
38.3500 5
38.8000 5
39.0000 5
39.5000 6
40.0500 6
40.5500 6
41.1000 6
41.6500 6
42.1500 6
42.7000 7
43.2000 7
43.7500 7
44.0000 7
44.2500 7
44.5000 7
44.8500 7
45.2000 7
45.7000 7
46.2500 8
46.5500 8
47.1000 8
47.6500 8
47.9000 8
48.4500 9
49.0000 9
49.5000 9
50.0500 9
50.4000 9
50.6500 9
51.0000 9
51.4000 9
51.6000 9
51.8000 9
52.2000 10
52.6500 10
52.9000 10
53.2500 10
53.6000 10
54.1000 10
54.6500 10
55.2000 10
55.7000 10
56.1500 10
56.7000 10
57.2000 10
57.7500 10
58.2000 10
58.4500 10
59.0000 10
59.5000 10
59.8000 10
60.3000 10