0.1500 0
0.5000 0
1.0500 0
1.5500 1
2.1000 1
2.6000 1
2.9500 1
3.5000 1
4.0000 1
4.5000 2
4.8500 2
5.3500 2
5.8000 2
6.0000 2
6.4000 2
6.9000 3
7.4500 3
7.8500 3
8.0000 3
8.5500 3
8.9000 4
9.4500 4
9.6000 4
10.1500 4
10.6500 4
11.0000 4
11.4000 4
11.6500 4
12.1500 4
12.7000 4
13.2000 4
13.7500 5
14.2500 5
14.6000 5
14.9000 5
15.4500 5
15.8000 5
16.1000 5
16.4500 5
16.7000 5
17.2000 6
17.7000 6
17.8500 6
18.2500 6
18.8000 6
19.3000 6
19.8500 6
20.3500 6
20.9000 6
21.3000 7
21.8500 7
22.3500 7
22.9000 7
23.4500 7
23.7500 7
24.3000 7
24.5000 7
25.0500 8
25.6000 8
26.1000 8
26.5000 8
26.8000 8
27.3000 8
27.8500 9
28.3500 9
28.9000 9
29.2500 9
29.7500 9
30.3000 9
30.5500 9
31.0500 9
31.6000 9
32.1000 10
32.4500 10
33.0000 10
33.5000 10
33.8500 10
34.4000 10
34.5000 10
34.7500 10
35.2500 10
35.7500 10
36.3000 10
36.8000 10
37.3500 11
37.9000 11
38.4500 11
38.9500 11
39.5000 11
40.0500 11
40.5500 11
41.1000 12
41.6500 12
42.1500 12
42.7000 12
43.2500 12
43.7500 12
44.3000 12
44.8500 12
45.4000 12
45.9000 12
46.0500 12
46.6000 13
47.1000 13
47.6500 13
48.2000 13
48.7500 13
49.0500 13
49.5500 13
50.1000 13
50.6500 13
51.2000 13
51.7000 14
52.2500 14
52.5000 14
53.0500 14
53.1500 14
53.6500 14
54.1500 14
54.7000 15
55.2500 15
55.7500 15
56.3000 15
56.8500 15
57.4000 15
57.9500 15
58.5000 15
59.0000 16
59.5500 16
60.1000 16