0.5000 0
1.0000 0
1.5500 0
1.6500 0
1.9500 0
2.5000 1
3.0000 1
3.3500 1
3.7500 1
4.2500 1
4.7000 2
4.9500 2
5.4500 2
5.9000 2
6.4000 2
6.9000 2
7.4500 2
7.9500 2
8.5000 2
9.0000 3
9.5000 3
10.0500 3
10.5500 3
10.9000 3
11.4000 4
11.9500 4
12.4500 4
12.6500 4
13.1500 4
13.7000 4
14.2000 4
14.7500 4
15.2500 4
15.8000 4
16.3000 5
16.8500 5
17.3500 5
17.8000 5
18.3000 5
18.8500 5
19.3500 5
19.6000 5
20.1000 5
20.6500 5
21.1000 5
21.6500 6
22.1500 6
22.7000 6
23.2000 6
23.7500 6
24.3000 6
24.8000 7
25.3500 7
25.9000 7
26.4000 7
26.5000 7
26.7500 7
26.9500 7
27.4000 7
27.9000 7
28.1000 7
28.5000 7
29.0500 7
29.5500 7
30.1000 7
30.6000 8
31.1500 8
31.5500 8
32.1000 8
32.6000 8
32.9500 8
33.2500 8
33.5500 8
33.9500 8
34.4500 8
35.0000 9
35.5000 9
36.0500 9
36.6000 9
37.1000 9
37.2500 9
37.8000 9
38.3500 9
38.8500 9
39.4000 9
39.7500 10
39.8500 10
40.4000 10
40.9500 10
41.4500 10
42.0000 10
42.5500 10
42.9000 10
43.4500 11
44.0000 11
44.5000 11
45.0500 11
45.6000 11
46.0000 11
46.2500 11
46.8000 11
47.3500 11
47.8500 12
48.4000 12
48.5500 12
49.1000 12
49.6000 12
50.1500 12
50.7000 12
51.2500 12
51.7500 12
52.2000 12
52.3500 12
52.4500 12
52.9000 12
53.4500 12
54.0000 12
54.5000 12
54.8000 12
55.1500 12
55.5500 12
56.0500 12
56.6000 12
57.1500 12
57.4500 12
57.9500 12
58.2500 12
58.8000 12
59.2000 12
59.4500 12
59.9500 12
60.2000 13