0.4000 0
0.9000 0
1.1500 0
1.6500 0
2.0500 1
2.5500 1
2.7500 1
3.2500 1
3.6000 1
4.1000 1
4.4000 1
4.9000 1
5.4500 2
5.9500 2
6.1000 2
6.6000 2
7.0000 2
7.5500 2
7.6500 2
7.8500 2
8.3500 3
8.8500 3
9.4000 3
9.8500 3
9.9500 3
10.4500 3
11.0000 3
11.5000 3
12.0500 3
12.5500 3
13.0500 3
13.6000 3
14.1000 4
14.6500 4
15.1500 4
15.7000 4
16.2000 4
16.6500 4
17.1500 4
17.7000 4
18.2000 5
18.6500 5
18.9000 5
19.4500 5
19.7500 5
20.0500 5
20.6000 5
21.1000 5
21.6000 6
22.1500 6
22.7000 6
23.2000 6
23.7500 6
23.8500 6
24.4000 6
24.9500 6
25.4500 7
25.9500 7
26.5000 7
26.9500 7
27.4500 7
28.0000 7
28.4000 7
28.9000 7
29.4500 7
29.6500 7
30.0000 7
30.3000 7
30.5500 7
31.1000 7
31.6000 7
32.0000 7
32.4500 7
32.9000 7
33.3500 7
33.8500 7
34.2500 7
34.7000 7
35.2000 7
35.5500 7
36.0500 7
36.4000 7
36.9000 7
37.1500 7
37.5000 7
38.0500 7
38.4500 8
38.9000 8
39.4500 8
39.8000 8
40.3500 8
40.8500 8
41.4000 8
41.9000 9
42.4500 9
43.0000 9
43.5500 9
44.0500 9
44.6000 10
45.1500 10
45.6500 10
46.2000 10
46.7500 10
47.2500 10
47.8000 10
48.3500 10
48.5000 10
48.9500 10
49.5000 10
50.0000 10
50.2500 10
50.8000 10
51.3000 10
51.7000 10
52.1500 11
52.7000 11
53.2500 11
53.7500 11
54.3000 11
54.8000 11
55.0000 11
55.5500 11
56.1000 11
56.6000 12
57.1500 12
57.7000 12
57.7500 12
58.1000 12
58.6000 12
58.8000 12
59.3500 12
59.9000 12
60.4000 12