0.1500 0
0.6500 0
1.1500 0
1.4500 1
1.9500 1
2.5000 1
3.0000 1
3.5000 1
4.0000 1
4.3000 2
4.8000 2
5.2000 2
5.7000 2
6.2500 2
6.7500 3
7.1500 3
7.7000 3
8.2000 3
8.7500 3
9.1000 4
9.4000 4
9.7000 4
10.2000 4
10.4500 4
10.9500 4
11.2000 4
11.4500 4
11.7000 4
12.0500 4
12.4500 4
12.7000 4
13.2500 4
13.7500 5
14.3000 5
14.7500 5
15.2500 5
15.5500 5
16.0500 5
16.4000 5
16.9000 5
17.2000 6
17.4500 6
18.0000 6
18.5000 6
18.6500 6
18.8500 6
19.3500 6
19.8000 6
20.0000 6
20.5500 6
21.0500 7
21.5000 7
21.7500 7
22.0500 7
22.4000 7
22.8500 7
23.3500 7
23.7000 7
24.2500 8
24.7500 8
25.0500 8
25.2000 8
25.7500 8
26.2500 8
26.8000 8
27.1500 8
27.6500 8
28.2000 8
28.7000 8
29.2500 8
29.8000 8
30.0500 8
30.6000 8
30.8500 8
31.3500 8
31.7500 9
32.0000 9
32.2000 9
32.4000 9
32.9000 9
33.2500 9
33.5000 9
33.9000 9
34.2500 9
34.6500 9
34.7500 9
35.3000 9
35.6500 9
35.9000 9
36.4500 9
36.9500 9
37.2000 9
37.7000 9
37.9000 9
38.4000 9
38.8000 9
39.3500 9
39.6000 9
40.1500 9
40.6500 9
41.2000 9
41.7500 9
42.2500 10
42.8000 10
43.3500 10
43.8500 10
44.1500 10
44.7000 10
45.0000 11
45.5500 11
45.8500 11
46.4000 11
46.8000 11
47.1000 11
47.5000 11
48.0500 11
48.4000 11
48.6000 11
48.9000 11
49.3000 11
49.5500 11
50.1000 11
50.4500 11
51.0000 11
51.5000 11
51.8000 11
52.3500 11
52.8500 12
53.4000 12
53.9500 12
54.5000 12
55.0000 12
55.5500 12
55.9000 13
56.4000 13
56.6500 13
57.0500 13
57.6000 13
58.1500 13
58.7000 13
59.2000 13
59.7500 13
60.1000 13