0.5000 0
1.0000 0
1.5500 0
2.0500 0
2.5500 1
3.1000 1
3.6000 1
3.7500 1
4.2000 1
4.4000 1
4.9000 2
5.0000 2
5.5500 2
5.7500 2
5.8500 2
6.3500 2
6.7500 2
6.9000 2
7.4500 2
7.9500 2
8.5000 2
8.9500 3
9.4500 3
10.0000 3
10.5000 3
11.0500 3
11.5500 4
11.9000 4
12.2500 4
12.4000 4
12.6000 4
13.1000 4
13.6500 4
14.0000 4
14.5500 4
15.0500 4
15.4500 4
15.7000 4
16.2500 5
16.7500 5
17.3000 5
17.8000 5
18.3500 5
18.5000 5
19.0000 5
19.5500 6
20.0500 6
20.6000 6
21.1000 6
21.6500 6
21.9000 6
22.4000 6
22.9000 6
23.4000 7
23.9500 7
24.0500 7
24.5500 7
24.9000 7
25.1500 7
25.6500 7
26.2000 7
26.6000 8
27.1000 8
27.4500 8
27.9500 8
28.1500 8
28.3500 8
28.8500 8
29.4000 8
29.9000 8
30.4500 8
30.8500 9
31.2000 9
31.7000 9
32.1000 9
32.6000 9
33.1500 9
33.6000 9
34.1000 9
34.6500 9
34.8500 9
35.4000 10
35.9500 10
36.3500 10
36.7000 10
37.2500 10
37.7000 10
38.2500 10
38.8000 10
39.3000 11
39.8500 11
40.4000 11
40.9000 11
41.4000 11
41.9000 11
42.4500 11
43.0000 12
43.5000 12
44.0000 12
44.5500 12
45.1000 12
45.6000 12
46.1000 12
46.6500 12
46.9500 12
47.4500 12
48.0000 12
48.5500 12
49.1000 12
49.6000 12
50.1500 12
50.7000 12
50.9000 12
51.4500 12
51.8000 12
52.3000 12
52.8500 12
53.4000 13
53.4500 13
54.0000 13
54.4500 13
55.0000 13
55.5000 13
56.0500 13
56.6000 13
57.0000 13
57.5000 13
58.0500 14
58.6000 14
59.1500 14
59.7000 14
60.2000 14