0.4500 0
0.9000 0
1.4000 0
1.9500 0
2.4500 0
2.8000 0
2.9500 0
3.3500 0
3.8000 0
4.3000 0
4.7000 0
5.0500 0
5.3500 0
5.9000 1
6.2500 1
6.7500 1
7.3000 1
7.6500 1
8.1500 1
8.7000 1
9.2000 1
9.4500 1
9.7500 1
10.1000 1
10.3500 1
10.8000 1
11.0000 2
11.2500 2
11.7500 2
12.0000 2
12.4000 2
12.8000 2
13.3000 2
13.6500 2
13.9000 2
14.2500 2
14.6500 3
14.8000 3
15.2500 3
15.5000 3
16.0000 3
16.5500 3
17.0500 3
17.4500 3
17.7500 3
18.1000 3
18.3500 3
18.7500 3
19.0500 3
19.6000 3
19.8500 3
20.3000 3
20.4000 3
20.7500 3
21.1500 3
21.5000 3
21.7500 3
22.2500 4
22.8000 4
23.0500 4
23.5000 4
23.8000 4
24.1000 4
24.3500 4
24.5500 4
24.9500 4
25.2500 4
25.6000 4
25.9000 4
26.4500 4
26.8500 5
27.4000 5
27.9000 5
28.4500 5
28.7500 5
29.2500 5
29.7500 5
30.2000 5
30.7500 5
31.0500 5
31.2500 5
31.5000 5
31.7000 5
32.2000 5
32.7500 5
33.0500 5
33.3000 5
33.8500 5
34.2000 5
34.4500 6
34.9500 6
35.4000 6
35.6000 6
35.9500 6
36.2000 6
36.5500 6
37.0500 6
37.6000 6
37.8500 7
38.3500 7
38.6500 7
38.9000 7
39.1500 7
39.2000 7
39.7500 7
40.2500 7
40.8000 7
41.0000 7
41.5000 8
41.7500 8
42.2000 8
42.7000 8
42.9000 8
43.2000 8
43.4500 8
43.8500 9
44.2000 9
44.4500 9
44.8500 9
45.0500 9
45.5500 9
45.7500 9
46.3000 9
46.5500 9
47.1000 9
47.4500 9
47.8500 9
48.2000 10
48.7500 10
49.0500 10
49.3500 10
49.7500 10
50.2500 10
50.6500 10
51.0500 10
51.5500 10
51.8500 10
52.2000 11
52.6000 11
53.1500 11
53.4000 11
53.7500 11
54.1000 11
54.6000 11
55.1500 12
55.5000 12
55.8000 12
56.3000 12
56.5500 12
56.8000 12
57.3500 12
57.6500 12
58.1000 12
58.4000 12
58.8000 12
59.3500 13
59.4500 13
59.9000 13
60.3500 13