0.3000 0
0.4000 0
0.5500 0
0.6500 0
0.7500 0
0.9000 0
1.2500 0
1.4000 0
0.1500 0
0.3000 0
0.4500 0
0.6000 0
0.7500 0
1.0000 0
1.1500 0
1.2500 0
1.3500 0
0.2500 0
0.5000 0
0.6500 0
0.8000 0
1.3000 0
1.4000 0
1.7000 0
2.0000 0
2.2000 1
2.4000 1
2.5500 1
2.7000 1
2.8500 1
3.0500 1
3.1500 1
3.2500 1
3.4500 1
3.7000 1
3.8500 1
3.9500 1
0.2000 0
0.3000 0
0.5500 0
0.9000 0
0.1000 0
0.3000 0
0.6500 0
0.9000 0
1.0500 0
0.2500 0
0.4000 0
0.5500 0
0.7000 0
0.8500 0
1.0500 0
1.2500 0
1.3500 0
1.5000 0
1.6500 0
2.0000 0
2.1500 0
2.3000 1
2.6000 1
2.8000 1
3.0000 1
3.2500 1
3.5000 1
3.7500 1
4.2000 1
4.7500 2
5.2000 2
5.6500 2
6.1500 2
6.4500 2
6.8000 2
7.2000 2
7.6000 2
7.9500 2
8.2500 2
8.6000 2
8.7500 3
9.0500 3
9.4500 3
9.8500 3
10.2500 3
10.6500 3
11.1000 3
11.6000 4
12.0000 4
12.4500 4
12.7500 4
13.1000 4
13.6000 4
14.1000 4
14.5000 4
14.9000 4
15.1500 4
15.6000 4
16.0000 5
16.4500 5
16.8000 5
17.3500 5
17.8500 5
18.1500 5
18.5500 5
18.8000 5
19.2500 5
19.7000 5
20.0000 5
20.5000 5
20.9500 5
21.4500 5
21.9000 5
22.2500 5
22.5000 5
22.9500 5
23.4000 6
23.9000 6
24.3500 6
24.9000 6
25.4000 6
25.7500 6
26.0500 6
26.4000 6
26.9500 6
27.3000 7
27.7000 7
28.1500 7
28.5000 7
28.9500 7
29.3500 7
29.6500 7
30.0000 7
30.5000 7
30.8000 7
31.3000 7
31.5000 7
32.0500 7
32.4500 7
32.9000 8
33.2500 8
33.5500 8
33.9500 8
34.3000 8
34.6500 8
34.8000 8
35.2000 8
35.7500 8
36.1500 8
36.5500 8
36.9500 9
37.3500 9
37.7500 9
38.3000 9
38.8000 9
39.2000 9
39.5500 9
40.0000 9
40.1500 9
40.4000 9
40.7500 9
41.1000 9
41.6000 10
42.1000 10
42.4500 10
42.8500 10
43.4000 10
43.7500 10
44.1500 10
44.6000 10
44.9000 10
45.3000 11
45.7000 11
46.0000 11
46.4500 11
46.9500 11
47.2500 11
47.8000 11
48.1000 11
48.5000 11
48.7500 11
49.1500 12
49.5500 12
49.9000 12
50.3500 12
50.6000 12
50.9500 12
51.3500 12
51.8000 12
52.2500 12
52.6000 12
53.1000 12
53.5000 12
53.9500 12
54.3500 12
54.8000 12
55.0000 12
55.4500 12
55.8000 12
56.3000 12
56.6000 12
56.9500 12
57.4500 12
57.7500 12
58.2500 12
58.7000 12
59.1500 12
59.4000 12
59.7500 12
60.2000 13
60.5500 13
60.9500 13
61.4000 13
61.8500 13
62.2000 13
62.5500 13
62.9000 13
63.3000 13
63.6500 13
64.1500 13
64.5500 13
64.9000 13
65.2500 13
65.6500 13
65.8000 13
66.2500 13
66.5500 13
66.8000 13
67.2500 13
67.6000 13
68.0500 13
68.4500 13
68.7000 13
69.1500 13
69.5500 13
69.9000 13
70.3500 13
70.6000 13
71.0000 13
71.5000 13
71.9000 13
72.3000 13
72.5500 13
73.1000 13
73.5000 13
73.9000 13
74.3500 13
74.7000 13
75.1500 13
75.4000 13
75.6500 13
76.0500 13
76.5500 13
77.0500 13
77.5000 13
78.0000 13
78.4500 13
78.8500 13
79.3500 13
79.8000 13
80.0500 13
80.6000 13
81.0500 13
81.4500 13
81.9000 13
82.4500 13
82.7500 13
83.1500 13
83.5000 13
83.9000 13
84.3500 13
84.6500 13
85.1500 13
85.7000 13
86.1000 13
86.4500 13
86.7000 13
87.2500 13
87.6500 13
88.1000 13
88.4500 13
89.0000 13
89.4000 13
89.8500 13
90.2000 13
90.7000 13
91.0500 13
91.3500 13
91.7000 13
92.0000 13
92.4000 13
92.8500 13
93.3000 13
93.7000 13
94.0500 13
94.5500 13
95.0500 13
95.4500 13
95.8000 13
96.2500 13
96.7000 13
97.1000 13
97.4000 13
97.6500 13
98.1000 13
98.6000 13
99.0000 13
99.4500 13
99.8500 13
100.2500 13
100.7500 13
101.1500 13
101.6000 13
102.1000 13
102.5500 13
103.0500 13
103.4500 13
103.8500 13
104.2500 13
104.6500 13
104.9000 13
105.1500 13
105.4500 13
105.7500 13
106.2500 13
106.7000 13
106.9500 13
107.3000 13
107.8500 13
108.3500 13
108.7500 13
109.3000 13
109.6500 13
110.1500 13
110.6000 13
110.9500 13
111.4000 13
111.7000 13
112.0000 13
112.4500 13
112.8000 13
113.2500 13
113.6500 13
113.9500 13
114.2500 13
114.5000 13
114.9500 13
115.4500 13
115.8500 13
116.2500 13
116.8000 13
117.1500 13
117.4500 13
117.8500 13
118.2500 13
118.7000 13
118.9000 13
119.2000 13
119.4500 13
119.7000 13
120.0500 13
120.4500 13
120.7500 13
121.0000 13
121.4500 13
121.9000 13
122.2000 13
122.6000 13
123.1000 13
123.4000 13
123.7500 13
124.0500 13
124.3500 13
124.7500 13
125.1000 13
125.5500 13
126.0500 13
126.4500 13
126.7500 13
127.0000 13
127.2000 13
127.5000 13
127.7000 13
128.1000 13
128.2000 13
128.6000 13
129.0500 13
129.3500 13
129.7000 13
129.9500 13
130.2000 13
130.5000 13
130.8500 13
131.1500 13
131.4500 13
131.7000 13
132.0500 13
132.4000 13
132.7000 13
132.9000 13
133.2500 13
133.5000 13
133.8000 13
134.2000 13
134.6500 13
135.0500 13
135.5000 13
135.9000 13
136.0500 13
0.2500 0
0.6000 0
1.0000 0
1.5000 0
1.7500 0
2.0000 0
2.4000 1
2.8000 1
3.3000 1
3.7500 1
4.2500 1
4.4500 1
4.7000 2
5.2000 2
5.7500 2
6.2000 2
6.7500 2
7.2500 2
7.7500 2
8.3000 2
8.5500 2
9.0000 3
9.1500 3
9.6500 3
10.1500 3
10.6500 3
11.1500 3
11.3500 4
11.5500 4
12.1000 4
12.6000 4
13.0500 4
13.4000 4
13.8500 4
14.0500 4
14.4000 4
14.7500 4
15.0500 4
15.4000 4
15.9000 4
16.4500 5
17.0000 5
17.3500 5
17.6000 5
17.9500 5
18.1500 5
18.4000 5
18.8500 5
19.2000 5
19.6000 5
20.0500 5
20.5000 5
20.8500 5
21.3500 5
21.7500 6
22.2500 6
22.6000 6
22.9500 6
23.1000 6
23.5500 6
23.8500 6
24.3000 6
24.8000 7
25.1500 7
25.6500 7
26.1500 7
26.6000 7
26.9000 7
27.3500 7
27.9000 7
28.2500 7
28.6500 7
29.0500 7
29.4500 7
29.8000 7
30.3000 8
30.6500 8
30.8500 8
31.1500 8
31.6500 8
32.1000 8
32.3500 8
32.9000 8
33.4000 8
33.9000 8
34.4500 9
34.9500 9
35.4000 9
35.5000 9
35.7500 9
36.2500 9
36.8000 9
37.1500 9
37.4000 9
37.9500 9
38.2500 9
38.6500 9
39.1500 10
39.7000 10
40.2500 10
40.6500 10
41.0000 10
41.4000 10
41.7500 10
42.0500 10
42.5500 10
43.0000 11
43.4500 11
43.7000 11
44.1500 11
44.4000 11
44.9000 11
45.4000 11
45.9000 11
46.4000 11
46.9500 11
47.2500 12
47.6000 12
48.1000 12
48.5500 12
49.0000 12
49.4500 12
50.0000 12
50.3500 12
50.9000 12
51.4000 12
51.9000 12
52.4000 12
52.9500 12
53.5000 12
53.9000 12
54.4500 12
54.9500 12
55.4000 12
55.9000 12
56.4500 12
56.9000 12
57.4000 12
57.9000 12
58.4500 12
58.9000 12
59.4500 12
59.8500 12
60.3000 12
60.7500 13
61.0000 13
61.1500 13
61.4000 13
0.3500 0
0.6000 0
0.9500 0
1.2500 0
1.6000 0
1.7500 0
1.9000 0
2.1000 0
2.3500 1
2.5500 1
2.9000 1
3.1500 1
3.4000 1
3.5500 1
3.7000 1
4.1000 1
4.4500 1
4.8000 2
5.1000 2
5.4500 2
5.8000 2
6.1000 2
6.4500 2
6.6500 2
7.0000 2
7.2000 2
7.4000 2
7.6000 2
7.8000 2
8.0500 2
8.2000 2
8.3500 2
8.5500 2
9.0000 3
9.1500 3
9.4000 3
9.6500 3
9.9000 3
10.1500 3
10.4000 3
10.6000 3
10.8000 3
11.1500 3
11.4500 4
11.7000 4
12.0500 4
12.2500 4
12.5500 4
12.8500 4
13.2500 4
13.6000 4
13.8000 4
14.2000 4
14.4000 4
14.8000 4
15.0500 4
15.3000 4
15.6000 4
16.0000 5
16.3000 5
16.5500 5
16.8500 5
17.1000 5
17.3500 5
17.7000 5
17.8000 5
18.1500 5
18.4000 5
18.6000 5
18.7000 5
18.9500 5
19.1500 5
19.4000 5
19.7000 5
19.9000 5
20.1500 5
20.5000 5
20.8000 5
21.1000 5
21.4000 5
21.5500 5
21.7500 5
22.1000 6
22.3500 6
22.6000 6
22.9000 6
23.1000 6
23.4000 6
23.7000 6
24.0000 6
24.1000 6
24.2000 6
24.3000 6
24.5500 6
24.6500 6
24.9000 6
25.2000 6
25.4500 6
25.7000 6
25.8500 6
26.1500 7
26.3500 7
26.4500 7
26.7000 7
26.8500 7
27.1000 7
27.3000 7
27.4500 7
27.7000 7
27.8000 7
28.0000 7
28.2000 7
28.5000 7
28.8000 7
29.0000 7
29.2000 7
29.4500 7
29.7000 7
29.8500 7
30.0000 7
30.2500 7
30.4000 7
30.5500 7
30.7000 7
30.9000 7
31.1500 7
31.4000 8
31.6000 8
31.8000 8
31.9500 8
32.1500 8
32.4500 8
32.6000 8
32.9500 8
33.2500 8
33.4500 8
33.6000 8
33.8000 8
34.0500 8
34.4500 8
34.8000 8
34.9500 8
35.2500 8
35.6000 9
35.9000 9
36.0000 9
36.2000 9
36.5000 9
36.7500 9
36.9500 9
37.1500 9
37.3500 9
37.5000 9
37.7500 9
38.1000 9
38.3000 9
38.5500 9
38.8500 9
39.0000 9
39.4000 9
39.7000 9
39.9500 9
40.3000 9
40.5000 10
40.7500 10
41.0000 10
41.3000 10
41.5000 10
41.6500 10
41.9000 10
42.1000 10
42.3500 10
42.5500 10
42.8500 10
43.0500 10
43.3500 10
43.7500 10
44.0500 11
44.4500 11
44.8000 11
45.0000 11
45.2000 11
45.4500 11
45.6500 11
45.9000 11
46.1500 11
46.3500 11
46.7500 11
47.0500 11
47.2500 12
47.4500 12
47.6500 12
47.9500 12
48.1000 12
48.3000 12
48.5500 12
48.6500 12
48.9000 12
49.1000 12
49.3000 12
49.4000 12
49.6500 12
49.8500 12
50.1000 12
50.3000 12
50.4500 12
50.7500 12
50.8500 12
51.0500 12
51.2000 12
51.3000 12
51.5000 13
51.6000 13
51.9000 13
52.1000 13
52.2500 13
52.5500 13
52.6500 13
52.9500 13
53.2500 13
53.4500 13
53.7500 13
54.0500 13
54.3500 13
54.5500 13
54.7500 14
54.9500 14
55.0500 14
55.3000 14
55.5500 14
55.8500 14
55.9500 14
56.1500 14
56.3000 14
56.5500 14
56.7000 14
56.8500 14
57.0500 14
57.2000 14
57.3500 14
57.6500 14
57.9000 15
58.0500 15
58.3000 15
58.6000 15
58.9000 15
59.0000 15
59.2500 15
59.6500 15
59.9500 15
60.1000 15
60.3000 15
60.6000 15
60.8500 15
61.0500 15
61.4000 15
61.7500 15
61.9500 15
62.1000 15
62.4000 15
62.6500 15
62.8500 15
63.3500 15
63.6500 15
63.8000 15
64.0500 15
64.2000 15
64.5000 15
64.6500 15
64.9500 15
65.3000 15
65.6500 15
65.9500 15
66.2000 15
66.3500 15
66.7000 15
67.2000 15
67.5000 15
67.7000 15
68.0000 15
68.3000 15
68.6500 15
69.0000 15
69.3000 15
69.4500 15
69.8000 15
70.0500 15
70.2500 15
70.5000 15
70.7500 15
70.9000 15
71.3000 15
71.6500 15
72.0500 15
72.1500 15
72.4500 15
72.6500 15
73.0000 15
73.3000 15
73.5000 15
73.8000 15
74.1000 15
74.4500 15
74.7500 15
75.0000 15
75.2500 15
75.5000 15
75.7000 15
76.0000 15
76.2000 15
76.3500 15
76.6000 15
76.9000 15
77.0500 15
77.2500 15
77.4500 15
77.8000 15
78.0000 15
78.2500 15
78.5000 15
78.9000 15
79.2000 15
79.5000 15
79.7000 15
79.9000 15
80.0500 15
80.2000 15
80.4000 15
80.6000 15
80.8000 15
81.0500 15
81.3000 15
81.6500 15
81.9500 15
82.1000 15
82.3000 15
82.6000 15
82.8000 15
83.0500 15
83.4000 15
83.6000 15
83.7500 15
83.9000 15
84.1000 15
84.3500 15
84.5000 15
84.6500 15
85.1500 15
85.4500 15
85.7000 15
85.9000 15
86.0500 15
86.4500 15
86.5500 15
86.8000 15
87.0000 15
87.2000 15
87.4500 15
87.7000 15
87.8500 15
88.0500 15
88.2500 15
88.5000 15
88.7500 15
88.9500 15
89.1500 15
89.5000 15
89.8000 15
90.0000 15
90.2500 15
90.3500 15
90.5000 15
90.7000 15
91.0000 15
91.2000 15
91.4000 15
91.5500 15
91.7000 15
91.8500 15
92.1000 15
92.3000 15
92.6000 15
92.8000 15
93.0000 15
93.2500 15
93.6000 15
93.9500 15
94.3000 15
94.5500 15
94.8500 15
95.1000 15
95.3000 15
95.5000 15
95.6500 15
95.8000 15
95.9500 15
96.3500 15
96.6500 15
96.9000 15
97.0000 15
97.2500 15
97.5000 15
97.7500 15
98.0000 15
98.3500 15
98.5000 15
98.8000 15
99.0500 15
99.3000 15
99.4500 15
99.6500 15
99.7500 15
99.9000 15
100.1000 15
100.3000 15
100.5500 15
100.8000 15
100.9500 15
101.3000 15
101.7000 15
101.9000 15
102.0500 15
102.2000 15
102.3000 15
102.5000 15
102.6500 15
102.9500 15
103.1000 15
103.3000 15
103.6500 15
104.0000 15
104.2000 15
104.5000 15
104.6500 15
104.8500 15
105.1500 15
105.3500 15
105.6000 15
105.8000 15
106.0500 15
106.1500 15
106.4000 15
106.5500 15
106.7000 15
106.9000 15
107.2500 15
107.4500 15
107.5500 15
107.7500 15
108.0000 15
108.2500 15
108.6000 15
108.8000 15
109.0500 15
109.3000 15
109.5500 15
109.8000 15
110.2000 15
110.4000 15
110.6500 15
110.9500 15
111.2000 15
111.4500 15
111.7000 15
111.9500 15
112.1000 15
112.2500 15
112.5500 15
112.7000 15
113.0500 15
113.2500 15
113.4500 15
113.6500 15
113.9000 15
114.1000 15
114.4000 15
114.7000 15
114.9000 15
115.2000 15
115.6000 15
115.8000 15
116.0500 15
116.3000 15
116.5000 15
116.7000 15
116.9500 15
117.1500 15
117.4000 15
117.6500 15
117.8000 15
117.9000 15
118.2500 15
118.5000 15
118.6500 15
118.9500 15
119.2000 15
119.4000 15
119.6000 15
119.8000 15
120.0500 15
120.3000 15
120.4500 15
120.6500 15
120.8500 15
121.1000 15
121.3500 15
121.5500 15
121.7500 15
121.8500 15
122.1000 15
122.3000 15
122.4500 15
122.5500 15
122.8500 15
123.1500 15
123.4000 15
123.6500 15
123.9500 15
124.1000 15
124.3500 15
124.6000 15
124.7500 15
125.1000 15
125.3500 15
125.4500 15
125.6000 15
125.8500 15
126.0500 15
126.2500 15
126.4500 15
126.7500 15
126.9000 15
127.2000 15
127.3500 15
127.5000 15
127.7500 15
127.9500 15
128.3000 15
128.4500 15
128.6000 15
128.8500 15
129.0500 15
129.2500 15
129.4500 15
129.9000 15
130.2500 15
130.5500 15
130.8500 15
131.0500 15
131.4000 15
131.7000 15
131.9500 15
132.2500 15
132.3500 15
132.5000 15
132.8500 15
133.2500 15
133.5500 15
133.7000 15
133.8500 15
134.3500 15
134.7000 15
134.9500 15
135.1500 15
135.5000 15
135.8500 15
136.0000 15
136.2000 15
136.4500 15
136.6500 15
136.8500 15
137.1500 15
137.3500 15
137.5500 15
137.8500 15
138.0500 15
138.2500 15
138.6000 15
138.8500 15
139.0500 15
139.2500 15
139.4500 15
139.6000 15
139.8000 15
140.0500 15
140.2500 15
140.4500 15
140.7000 15
140.9500 15
141.1500 15
141.3500 15
141.5500 15
141.7500 15
142.0000 15
142.4000 15
142.5500 15
142.7000 15
143.0000 15
143.1500 15
143.3000 15
143.6500 15
143.7500 15
144.0500 15
144.4000 15
144.7500 15
145.0000 15
145.3000 15
145.5500 15
145.7500 15
145.9500 15
146.2000 15
146.4000 15
146.5500 15
146.7500 15
147.0500 15
147.4000 15
147.9000 15
148.1500 15
148.5000 15
148.8500 15
149.1000 15
149.4500 15
149.7500 15
149.9500 15
150.1000 15
150.3500 15
150.5500 15
150.8000 15
151.1000 15
151.3000 15
151.4500 15
151.6000 15
151.9000 15
152.2500 15
152.6000 15
152.8500 15
153.1000 14
0.3000 0
0.5500 0
0.9000 0
1.4000 0
1.6500 0
1.9000 0
2.2500 0
2.7000 1
2.9500 1
3.2000 1
3.2500 1
