0.5000 0
1.0000 0
1.5000 1
1.6000 1
2.1000 1
2.4000 1
2.5500 1
3.0500 1
3.6000 1
3.9500 1
4.3500 2
4.9000 2
5.1500 2
5.7000 2
6.0000 2
6.5000 3
7.0500 3
7.5500 3
7.9500 3
8.4500 3
8.8500 3
9.3500 3
9.8500 3
10.1500 3
10.6500 3
10.9000 3
11.4000 3
11.9000 3
12.4500 3
12.9500 4
13.5000 4
14.0000 4
14.5500 4
15.0500 4
15.3000 4
15.6500 4
16.1500 4
16.7000 5
17.0500 5
17.5500 5
18.1000 5
18.6000 5
19.1500 5
19.7000 5
20.2000 5
20.7500 5
21.2500 5
21.7500 5
22.2000 6
22.7500 6
23.2500 6
23.8000 6
24.3000 6
24.8500 6
25.3500 6
25.9000 6
26.4500 7
26.9500 7
27.2500 7
27.7500 7
28.3000 7
28.8000 7
29.3500 7
29.9000 8
30.4000 8
30.9500 8
31.4500 8
32.0000 8
32.5500 8
33.0500 8
33.4500 9
33.9500 9
34.5000 9
34.7000 9
35.2500 9
35.5500 9
36.1000 9
36.5000 9
37.0500 9
37.4500 9
37.9500 9
38.5000 9
39.0500 9
39.6000 9
40.1000 9
40.6500 9
40.9500 9
41.4500 9
42.0000 9
42.2500 9
42.8000 9
43.3500 9
43.8500 9
44.4000 10
44.9500 10
45.3500 10
45.8500 10
46.4000 10
46.9500 10
47.4500 10
47.7500 10
48.2500 10
48.8000 10
49.3500 10
49.9000 11
50.4000 11
50.9500 11
51.5000 11
52.0000 11
52.5500 11
53.0500 11
53.6000 12
53.9000 12
54.4000 12
54.9500 12
55.4500 12
56.0000 12
56.4000 12
56.9000 12
57.4500 12
58.0000 12
58.5000 12
59.0500 13
59.6000 13
60.1500 13
60.5000 13
61.0500 13
61.6000 13
62.1000 13
62.6500 13
63.2000 13
63.5500 13
64.0500 13
64.6000 13
65.1500 13
65.6500 13
66.1000 13
66.6500 13
67.2000 13
67.7000 13
68.2500 13
68.8000 13
69.3000 13
69.6500 13
70.0000 13
70.4000 13
70.6000 13
70.8000 13
71.3500 13
71.8500 13
72.4000 13
72.9000 13
73.2500 13
73.8000 13
74.0000 13
