0.3000 0
0.8000 0
0.9500 0
1.2500 0
1.5500 0
1.9500 0
2.2500 0
2.6000 0
3.1500 0
3.6500 0
4.1000 0
4.6000 0
5.0000 0
5.4000 0
5.8500 0
6.4000 1
6.7500 1
7.2000 1
7.7000 1
8.0000 1
8.2000 1
8.3500 1
8.6000 1
8.7500 1
8.9000 1
9.1500 2
9.6500 2
9.9500 2
10.1500 2
10.4500 2
10.9000 2
11.4000 2
11.9000 2
12.3000 2
12.7000 2
12.9000 2
13.2000 2
13.5000 2
14.0000 2
14.3500 2
14.8500 2
15.2500 3
15.6000 3
16.0000 3
16.4000 3
16.7000 3
16.9500 3
17.3500 3
17.6000 3
17.7500 3
18.2500 3
18.7500 3
18.8500 3
19.3500 3
19.8500 3
20.4000 3
20.6500 4
20.9000 4
21.3500 4
21.5000 4
22.0000 4
22.3500 4
22.9000 4
23.3000 4
23.5500 4
24.0500 4
24.6000 4
24.9000 4
25.4000 4
25.7500 4
26.2500 4
26.3500 4
26.8500 4
27.3500 4
27.8000 4
28.2000 4
28.7000 4
29.2500 4
29.6500 4
30.2000 4
30.6500 4
31.1500 4
31.6500 4
32.0500 4
32.5500 5
32.9500 5
33.2500 5
33.4000 5
33.8500 5
34.4000 5
34.9000 5
35.4500 5
35.6500 5
36.2000 5
36.5500 5
36.9000 6
37.4000 6
37.6000 6
37.9500 6
38.5000 6
39.0000 6
39.5000 6
39.7000 7
39.8500 7
40.0500 7
40.5000 7
40.9500 7
41.4500 7
41.8500 7
42.3500 8
42.7000 8
43.2000 8
43.3500 8
43.9000 8
44.4000 8
44.9500 8
45.5000 8
45.5500 8
45.7500 8
46.1000 9
46.6000 9
47.1500 9
47.7000 9
48.2000 9
48.5500 9
49.1000 10
49.3000 10
49.8000 10
50.3500 10
50.7500 10
51.2500 10
51.8000 10
51.9500 10
52.3000 10
52.7000 10
53.2500 10
53.7500 11
54.3000 11
54.8500 11
55.2000 11
55.7000 11
56.2500 11
56.8000 12
57.3000 12
57.8500 12
58.1500 12
58.5000 12
58.9000 12
59.3000 12
59.7500 12
60.2500 12