0.4000 0
0.7500 0
1.2500 0
1.4000 1
1.8000 1
2.0500 1
2.5500 1
2.9500 1
3.5000 1
3.7500 1
4.0000 2
4.1000 2
4.4500 2
4.7500 2
5.0500 2
5.3500 2
5.5500 2
5.7500 2
6.1500 2
6.3500 3
6.6000 3
7.0000 3
7.4000 3
7.7000 3
7.9500 3
8.3500 3
8.6000 3
8.9500 3
9.2500 3
9.4500 3
9.7000 3
10.0000 3
10.3500 3
10.7000 3
11.2000 3
11.5000 3
11.8000 3
11.9500 3
12.5000 3
12.8500 3
13.1500 4
13.5000 4
13.6500 4
13.9500 4
14.2000 4
14.5500 4
15.0500 4
15.3500 4
15.6000 4
15.8000 4
16.0000 4
16.2500 4
16.5000 5
17.0000 5
17.5000 5
18.0000 5
18.3000 5
18.6500 5
18.7500 5
19.1000 5
19.6000 5
19.9500 5
20.4500 6
20.9000 6
21.3000 6
21.6500 6
22.0500 6
22.2500 6
22.7000 6
23.2500 6
23.6000 7
23.9500 7
24.1000 7
24.3000 7
24.5000 7
24.7000 7
24.9000 7
25.1500 7
25.4500 7
25.7000 7
25.9000 7
26.1000 7
26.2000 7
26.4000 7
26.6500 7
26.8000 7
26.9500 7
27.2000 7
27.6000 7
27.9500 7
28.2000 7
28.4500 7
28.7500 7
29.0500 7
29.5500 7
29.9500 7
30.2000 7
30.5500 7
30.8500 7
31.0500 7
31.3500 7
31.6000 8
31.9500 8
32.2500 8
32.7500 8
32.9500 8
33.2000 8
33.4500 8
33.9500 8
34.2500 8
34.7500 8
35.2500 8
35.4500 8
35.6000 8
36.0500 9
36.3500 9
36.5500 9
36.9000 9
37.4000 9
37.6000 9
37.9000 9
38.3500 9
38.5500 9
38.9000 10
39.1500 10
39.7000 10
39.9500 10
40.4500 10
40.8500 10
41.0500 10
41.4000 10
41.5500 10
42.0500 10
42.2000 10
42.6500 11
43.0000 11
43.2500 11
43.4500 11
43.6500 11
44.0500 11
44.6000 11
45.0500 11
45.3500 11
45.6500 11
45.8500 11
46.1500 11
46.7000 11
47.1000 11
47.4000 11
47.8000 11
48.3000 11
48.6500 11
48.9500 11
49.3000 11
49.8500 11
50.0500 11
50.4500 11
50.8000 11
51.2500 11
51.7500 11
52.0000 11
52.5000 11
52.6500 11
52.9500 11
53.2500 11
53.6500 11
53.7500 11
54.1000 11
54.4500 11
54.7000 11
55.0000 11
55.2000 11
55.6500 11
55.8000 11
56.1500 11
56.7000 11
56.9000 11
57.1500 11
57.7000 11
58.1500 11
58.4000 11
58.7500 11
59.0000 11
59.2500 11
59.5000 11
59.8000 11
60.0000 11