0.4500 0
0.6500 0
1.0500 0
1.4000 0
1.5500 0
2.0500 0
2.4000 1
2.5500 1
2.7500 1
3.2500 1
3.5000 1
3.6500 1
4.1000 1
4.3500 1
4.6500 1
4.9000 2
5.3000 2
5.5000 2
5.8500 2
5.9500 2
6.1000 2
6.3000 2
6.8000 2
6.9500 2
7.4000 2
7.7000 2
8.1500 2
8.6000 2
8.7000 2
9.2500 3
9.5500 3
9.6000 3
9.9500 3
10.3500 3
10.9000 3
11.4000 3
11.9000 4
12.1500 4
12.6500 4
13.2000 4
13.6000 4
14.1500 4
14.4500 4
15.0000 4
15.5000 4
16.0500 4
16.4500 5
16.6500 5
16.9000 5
17.4500 5
18.0000 5
18.2500 5
18.5500 5
19.0500 5
19.5500 5
19.9500 6
20.4500 6
20.7500 6
21.0000 6
21.2500 6
21.5500 6
22.1000 6
22.3000 6
22.8000 6
23.3000 6
23.5500 6
23.9000 7
24.2500 7
24.6500 7
24.8500 7
25.0500 7
25.3000 7
25.8000 7
26.0500 7
26.2500 7
26.8000 7
27.0500 8
27.2500 8
27.8000 8
28.0000 8
28.3000 8
28.5000 8
28.7000 8
28.8500 8
29.1000 8
29.3500 8
29.7500 8
30.2000 8
30.3500 8
30.8500 8
31.1500 8
31.4000 8
31.7500 9
31.8500 9
32.1000 9
32.4000 9
32.9000 9
33.3500 9
33.7500 9
33.9500 9
34.3500 9
34.8500 9
35.2000 9
35.3500 9
35.7000 9
35.8000 9
36.0000 9
36.3000 9
36.3500 9
36.8500 10
37.0000 10
37.5500 10
38.0500 10
38.3500 10
38.5000 10
38.7000 10
38.9000 10
39.2500 10
39.6000 10
39.9000 10
40.1500 10
40.4000 11
40.9000 11
41.1500 11
41.4000 11
41.8500 11
42.3500 11
42.9000 11
43.3000 11
43.6500 11
44.0500 11
44.3500 12
44.8500 12
45.3000 12
45.8500 12
46.0500 12
46.2500 12
46.7500 12
47.2000 12
47.5500 12
47.9000 12
48.0500 12
48.2500 12
48.4000 12
48.9000 12
49.4500 12
49.7500 12
50.0500 12
50.4000 12
50.6000 12
51.0500 12
51.3500 12
51.5000 12
51.8000 12
52.1500 12
52.3000 12
52.7500 12
53.2000 12
53.7500 12
53.9000 12
54.4500 12
55.0000 12
55.3500 12
55.5500 12
56.0500 13
56.2500 13
56.6500 13
57.1500 13
57.7000 13
58.0000 13
58.2500 13
58.7500 13
58.9000 13
59.4500 13
59.7000 13
60.2500 14