0.5000 0
1.0000 0
1.5500 0
1.8000 1
2.3500 1
2.6500 1
3.1000 1
3.6500 1
4.1500 1
4.6000 1
5.1000 2
5.6000 2
5.8000 2
6.3000 2
6.8500 2
7.0000 2
7.3000 2
7.8000 2
8.3500 3
8.8500 3
9.1500 3
9.6500 3
10.1500 3
10.4500 3
11.0000 3
11.5000 3
12.0000 4
12.2000 4
12.7000 4
13.2500 4
13.8000 4
14.3000 4
14.8500 5
15.3500 5
15.9000 5
16.4000 5
16.9500 5
17.2000 5
17.7500 5
18.2500 5
18.8000 6
19.3000 6
19.8500 6
20.3500 6
20.7000 6
21.2000 6
21.7500 6
22.2500 7
22.8000 7
22.9000 7
23.2000 7
23.7500 7
24.2500 7
24.6000 7
25.1000 7
25.6500 7
26.1500 7
26.7000 8
27.2000 8
27.7500 8
28.3000 8
28.5000 8
29.0500 8
29.6000 8
29.8500 8
30.4000 8
30.8500 8
31.3500 8
31.6500 9
32.1500 9
32.5500 9
33.0500 9
33.5500 9
34.1000 9
34.6500 9
35.1500 9
35.4000 10
35.6000 10
36.1000 10
36.6000 10
37.1500 10
37.6500 10
38.1500 10
38.6000 10
39.1000 10
39.5500 11
40.1000 11
40.3000 11
40.8000 11
41.0000 11
41.4500 11
41.9500 11
42.4500 11
42.6500 11
43.2000 11
43.4500 11
43.7000 12
44.1500 12
44.7000 12
45.2000 12
45.7500 12
46.2000 12
46.7000 12
47.2500 13
47.8000 13
48.3500 13
48.7000 13
49.2500 13
49.8000 13
50.3500 13
50.5500 13
51.0500 13
51.6000 13
52.1500 13
52.6000 13
53.1500 14
53.7000 14
54.2000 14
54.7500 14
55.2500 14
55.6000 14
56.1500 14
56.7000 14
57.2000 15
57.3000 15
57.6000 15
57.9000 15
58.2000 15
58.7500 15
59.2000 15
59.5000 15
60.0500 16