0.2500 0
0.7500 0
1.3000 0
1.8000 0
2.1500 0
2.5000 1
2.8000 1
3.2000 1
3.7000 1
3.9500 1
4.1000 1
4.4500 1
4.8000 2
5.2000 2
5.6000 2
5.9000 2
6.2000 2
6.5500 2
6.8000 2
7.2000 2
7.4500 2
7.7000 2
7.8500 2
8.1000 2
8.2500 2
8.8000 2
9.3000 3
9.8500 3
10.2000 3
10.7500 3
11.1500 3
11.4000 4
11.7500 4
12.0000 4
12.4000 4
12.6000 4
12.8500 4
13.3000 4
13.6500 4
14.0000 4
14.3500 4
14.6500 4
15.2000 4
15.7000 4
16.2500 4
16.4500 5
17.0000 5
17.5000 5
18.0000 5
18.1500 5
18.7000 5
19.2000 5
19.4500 6
19.5500 6
20.1000 6
20.6000 6
21.1500 6
21.6500 6
22.2000 6
22.6500 6
23.1500 6
23.5500 7
24.0500 7
24.6000 7
24.8000 7
25.3500 7
25.8500 7
26.3500 7
26.8500 8
27.1500 8
27.4500 8
27.6500 8
28.0000 8
28.2000 8
28.7000 8
29.2500 8
29.4000 8
29.7000 8
30.2500 8
30.7500 8
31.3000 8
31.8000 8
31.9500 9
32.5000 9
33.0500 9
33.5500 9
34.0000 9
34.4500 9
34.5500 9
35.0500 9
35.6000 9
36.1000 9
36.5500 9
37.1000 10
37.2500 10
37.7500 10
38.0500 10
38.4500 10
38.9500 10
39.5000 10
40.0500 10
40.5000 11
41.0500 11
41.4500 11
41.9500 11
42.5000 11
43.0500 11
43.4000 11
43.5000 11
44.0500 12
44.4500 12
44.9500 12
45.5000 12
45.8500 12
46.1000 12
46.5000 12
46.7000 12
47.0500 12
47.6000 12
47.7500 12
48.1000 12
48.6000 13
48.9500 13
49.4500 13
49.6500 13
49.9000 13
50.0500 13
50.4500 13
50.7500 13
50.8500 13
50.9500 13
51.4500 14
51.8000 14
52.3500 14
52.5000 14
52.8000 14
53.1000 14
53.4000 14
53.7000 14
54.0500 14
54.4000 14
54.6000 15
54.8500 15
55.0000 15
55.2500 15
55.5000 15
56.0000 15
56.2500 15
56.5500 15
56.7500 15
57.3000 15
57.4500 15
57.7000 15
57.9000 15
58.2000 15
58.7500 15
59.1000 15
59.6500 16
59.9500 16
60.4500 16