0.4000 0
0.7500 0
1.0000 0
1.4000 0
1.7000 0
2.2500 0
2.5500 1
2.8000 1
3.1000 1
3.2500 1
3.6500 1
4.1500 1
4.4000 1
4.7000 2
5.1000 2
5.4500 2
5.9000 2
6.1500 2
6.4500 2
6.7500 2
7.0500 2
7.4000 2
7.8000 2
8.3000 2
8.7500 2
8.8000 3
9.2500 3
9.6000 3
10.1000 3
10.6500 3
10.7500 3
11.0500 3
11.3000 4
11.5500 4
11.7500 4
12.1000 4
12.6000 4
12.8000 4
13.0000 4
13.5000 4
14.0000 4
14.5000 4
15.0000 4
15.5000 4
15.9000 4
16.2500 5
16.8000 5
17.2500 5
17.7500 5
18.2000 5
18.7000 5
19.0500 6
19.4500 6
20.0000 6
20.4750 6
20.9750 6
21.1750 6
21.4250 6
21.9250 6
22.0250 6
22.5750 6
22.6750 6
23.1250 7
23.6750 7
24.1750 7
24.4750 7
24.9750 7
25.1250 7
25.6750 7
26.1250 8
26.2750 8
26.5250 8
26.6750 8
27.2250 8
27.6750 8
28.2250 8
28.7750 8
29.0250 8
29.3250 8
29.8750 8
30.2750 8
30.8250 8
31.3750 9
31.8750 9
32.4250 9
32.7250 9
33.2250 9
33.6750 9
33.9250 9
34.1250 9
34.6750 9
34.8750 9
35.1750 9
35.7250 9
36.0750 10
36.5750 10
36.7750 10
37.2750 10
37.7250 10
38.2750 10
38.7750 10
39.3250 10
39.8750 11
40.4250 11
40.6250 11
41.1250 11
41.6750 11
42.1250 11
42.4750 11
42.7750 11
43.1250 11
43.6750 11
43.9250 12
44.4250 12
44.8250 12
45.3750 12
45.7750 12
46.2750 12
46.4750 12
47.0250 12
47.4750 12
47.7750 12
48.2250 12
48.7750 12
49.2250 12
49.7250 12
50.2750 12
50.7250 12
51.2250 12
51.4250 12
51.9750 12
52.4750 12
52.8750 12
53.3750 13
53.9250 13
54.4750 13
55.0250 13
55.5750 13
56.1250 13
56.4250 13
56.9750 14
57.5250 14
57.8250 14
58.3750 14
58.7750 14
59.0250 14
59.3750 14
59.5250 14
59.9250 14
60.0750 14