0.2500 0
0.6000 0
0.9500 0
1.4000 0
1.7500 1
2.1500 1
2.6500 1
3.2000 1
3.7000 1
4.0500 1
4.6000 1
5.0500 2
5.2500 2
5.7500 2
6.2500 2
6.4000 2
6.7500 2
7.0500 2
7.5500 2
7.9000 3
8.4000 3
8.7000 3
9.2500 3
9.5000 3
10.0500 3
10.4000 3
10.8000 3
11.2000 3
11.5000 3
12.0000 3
12.3000 3
12.8500 3
13.0500 3
13.6000 4
14.0500 4
14.4500 4
14.7500 4
15.1500 4
15.7000 4
15.8500 4
16.2000 4
16.7000 4
17.2500 4
17.6000 4
18.0000 4
18.5000 4
18.7000 4
19.2000 4
19.7500 4
20.2000 4
20.7000 4
21.2500 4
21.5000 4
22.0500 4
22.5500 5
22.8000 5
23.0000 5
23.3000 5
23.8000 5
24.3500 5
24.9000 5
25.4000 6
25.9500 6
26.2000 6
26.7500 6
27.0500 6
27.5500 6
27.8000 6
28.1500 7
28.3500 7
28.6500 7
28.9000 7
29.1500 7
29.4500 7
29.6500 7
29.7500 7
30.2500 7
30.8000 7
31.2500 7
31.8000 8
32.3000 8
32.5500 8
32.9000 8
33.4500 8
33.9500 8
34.2000 8
34.7000 8
35.0000 9
35.5500 9
36.1000 9
36.5500 9
37.0500 9
37.6000 9
38.0500 9
38.5500 10
39.1000 10
39.4500 10
39.6500 10
40.1500 10
40.6000 10
40.8500 10
41.3500 10
41.9000 10
42.3500 10
42.9000 10
43.4000 11
43.7000 11
44.0500 11
44.6000 11
45.1500 11
45.7000 11
45.8500 11
46.2500 12
46.6500 12
47.2000 12
47.7000 12
48.2500 12
48.4000 12
48.6500 12
49.1500 12
49.7000 12
50.0500 12
50.5500 12
51.1000 12
51.1500 12
51.5500 12
52.1000 12
52.3000 12
52.8000 12
53.3500 12
53.9000 12
54.4500 12
54.9500 13
55.4000 13
55.8500 13
56.2500 13
56.6000 13
57.0000 13
57.2500 13
57.8000 13
58.3500 13
58.8500 14
59.4000 14
59.9500 14
60.2500 14