0.5000 0
1.0000 0
1.3000 0
1.7000 0
2.0500 0
2.6000 1
3.0000 1
3.4500 1
3.9000 1
4.2000 1
4.4500 1
4.6500 2
5.1500 2
5.7000 2
5.9500 2
6.2500 2
6.4000 2
6.7000 2
7.1000 2
7.6500 2
7.9000 2
8.4000 2
8.9000 3
9.4000 3
9.9500 3
10.2500 3
10.4500 3
10.7500 3
11.2500 3
11.5500 4
11.9000 4
12.3000 4
12.8000 4
13.3000 4
13.8500 4
14.1500 4
14.5000 4
14.7500 4
15.2500 4
15.7500 4
16.0500 5
16.6000 5
16.9500 5
17.1500 5
17.5500 5
18.1000 5
18.6500 5
19.0500 5
19.6000 5
19.9000 5
20.4000 5
20.8500 5
21.2500 5
21.7500 6
22.1000 6
22.2500 6
22.6000 6
23.1500 6
23.6500 6
24.1500 6
24.7000 7
25.2500 7
25.8000 7
26.1500 7
26.6500 7
26.9000 7
27.2000 7
27.7500 7
28.3000 7
28.6500 7
29.0500 7
29.5000 7
29.9500 7
30.3000 7
30.8000 7
31.2500 7
31.4000 7
31.6500 7
32.2000 7
32.7000 7
32.9500 7
33.4000 7
33.8000 7
34.3500 7
34.8500 7
35.0000 7
35.2500 7
35.7000 7
36.0000 7
36.5000 7
36.9500 8
37.2500 8
37.7500 8
37.9000 8
38.2500 8
38.7500 8
39.1500 8
39.4000 8
39.9500 8
40.1500 9
40.7000 9
41.1500 9
41.6000 9
41.6500 9
42.2000 9
42.7500 9
43.2000 9
43.7000 9
44.2500 9
44.6000 10
45.1000 10
45.1500 10
45.6500 10
46.1500 10
46.4000 10
46.9000 10
47.1500 10
47.3500 10
47.8500 10
48.4000 11
48.9500 11
49.3000 11
49.7500 11
50.1500 11
50.5000 11
50.8000 11
51.2000 11
51.6500 11
51.8500 11
52.2000 11
52.7000 11
53.2500 12
53.4500 12
53.9000 12
54.3500 12
54.5500 12
55.1000 12
55.4500 12
55.6500 12
56.1500 12
56.7000 13
57.0500 13
57.6000 13
58.1000 13
58.6500 13
59.0000 13
59.5500 13
59.8000 13
60.0500 14