0.5000 0
0.7000 0
1.2000 0
1.5500 0
2.0500 0
2.6000 0
2.8500 0
3.1500 0
3.6500 0
4.0000 0
4.4500 0
4.9500 0
5.4000 0
5.9000 0
6.4000 1
6.8500 1
7.3000 1
7.8500 1
8.1000 1
8.6500 1
9.1000 1
9.3500 1
9.8500 1
10.3500 2
10.7000 2
11.2000 2
11.5500 2
11.7000 2
11.8500 2
12.0500 2
12.5500 2
12.9000 2
13.1500 3
13.4500 3
13.9000 3
14.2500 3
14.6000 3
14.9500 3
15.3000 3
15.7000 3
16.0000 3
16.2000 3
16.7500 3
17.1000 4
17.5000 4
17.8000 4
18.0000 4
18.3000 4
18.6500 4
19.1000 4
19.6500 4
19.9000 4
20.1500 4
20.4000 4
20.6500 4
21.0000 4
21.4000 4
21.6000 4
21.9500 4
22.1500 4
22.4500 4
22.9500 4
23.3500 4
23.6500 4
24.1000 4
24.3500 4
24.6000 4
24.8500 4
25.2000 4
25.4000 4
25.7000 5
25.9500 5
26.2000 5
26.6500 5
26.9500 5
27.4000 5
27.5000 5
27.7000 5
28.0500 5
28.3000 5
28.8000 5
29.3500 5
29.7000 5
29.8000 5
30.1500 5
30.5000 6
31.0000 6
31.5500 6
31.9000 6
32.4000 6
32.9000 6
33.4500 6
33.8500 6
34.1000 6
34.4500 6
34.8500 6
35.3500 6
35.8500 6
36.4000 6
36.5000 6
36.9500 6
37.3500 6
37.8500 7
38.4000 7
38.9000 7
39.4500 7
39.7500 7
40.2500 7
40.6000 7
40.8500 8
41.4000 8
41.7000 8
42.2000 8
42.5000 8
42.8500 8
43.3500 8
43.6000 8
44.0500 8
44.5500 9
44.9500 9
45.4000 9
45.9000 9
46.4000 10
46.9500 10
47.4500 10
48.0000 10
48.5000 10
49.0500 10
49.6000 10
50.1500 10
50.6500 10
51.2000 10
51.7500 10
52.2500 10
52.4000 10
52.9500 11
53.5000 11
54.0000 11
54.5500 11
55.1000 11
55.2500 11
55.8000 11
56.0000 11
56.5500 11
57.1000 12
57.6000 12
58.1500 12
58.5000 12
59.0500 12
59.3500 12
59.8500 13
60.4000 13
60.9500 13
