0.5000 0
0.9500 0
1.4500 0
1.7500 1
2.2500 1
2.5000 1
3.0500 1
3.5500 1
3.9000 1
4.1500 1
4.4000 1
4.8000 1
4.9500 2
5.3000 2
5.4000 2
5.7500 2
6.2500 2
6.7500 2
6.9500 2
7.4000 2
7.9500 2
8.4500 3
8.8500 3
9.3500 3
9.7500 3
10.2500 3
10.7500 3
11.3000 3
11.8500 3
12.3500 3
12.9000 3
13.2500 3
13.8000 4
14.0000 4
14.5500 4
15.0500 4
15.6000 4
16.1000 4
16.6500 4
17.1500 4
17.5000 4
17.7500 5
18.0500 5
18.5500 5
19.1000 5
19.4500 5
19.7500 5
20.2500 5
20.5000 5
20.8500 5
21.0500 5
21.3500 6
21.5500 6
22.0500 6
22.6000 6
23.1000 6
23.6500 6
24.1500 6
24.6500 6
25.2000 6
25.4500 7
25.9000 7
26.2000 7
26.6000 7
26.9000 7
27.4000 7
27.6500 7
27.9500 7
28.5000 7
28.9500 7
29.4500 7
29.9500 7
30.3500 7
30.9000 8
31.4000 8
31.9500 8
32.4500 8
33.0000 8
33.5500 8
33.8500 8
34.4000 8
34.8750 9
35.3250 9
35.8750 9
36.4250 9
36.9250 9
37.4750 9
37.5750 9
37.7250 9
38.2750 9
38.7750 10
39.2750 10
39.8250 10
40.3750 10
40.7250 10
41.2750 10
41.7750 10
42.3250 10
42.8250 10
43.3750 11
43.9250 11
44.4250 11
44.9250 11
45.4250 11
45.5750 11
46.1250 11
46.6250 12
47.0750 12
47.6250 12
48.1750 12
48.6750 12
49.2250 12
49.7750 12
49.9250 12
50.4250 12
50.9750 12
51.5250 12
52.0750 12
52.5750 12
53.1250 12
53.6750 12
54.2250 12
54.7750 12
55.2750 12
55.8250 13
56.3750 13
56.9250 13
57.2750 13
57.5250 13
57.7750 13
58.2250 13
58.7250 13
59.2750 13
59.4750 13
59.9750 14
60.3750 14