0.0500 0
0.5500 0
0.8000 0
1.2500 0
1.7500 0
2.3000 0
2.7500 1
3.3000 1
3.5000 1
4.0000 1
4.4000 1
4.6500 2
4.8500 2
5.1500 2
5.4000 2
5.9000 2
6.2500 2
6.4000 2
6.9000 2
7.3000 2
7.7000 2
8.0500 2
8.5500 2
8.9000 3
9.2000 3
9.5500 3
10.0500 3
10.6000 3
11.1500 3
11.3500 4
11.9000 4
12.3000 4
12.4500 4
12.9500 4
13.4500 4
13.9500 4
14.2500 4
14.5500 4
14.9500 4
15.4500 4
15.9000 4
16.1500 5
16.4500 5
16.9500 5
17.3000 5
17.7000 5
18.2000 5
18.2500 5
18.4000 5
18.8500 5
19.1000 5
19.3500 6
19.8500 6
20.3500 6
20.5000 6
21.0500 6
21.4500 6
21.8000 6
22.1000 6
22.3500 6
22.5000 6
22.7500 6
22.9000 6
23.0500 6
23.3000 7
23.8500 7
24.0500 7
24.5500 7
24.7000 7
25.0500 7
25.6000 7
26.1000 7
26.6000 8
26.8500 8
27.3500 8
27.6000 8
28.1000 8
28.5000 8
29.0500 8
29.5000 8
30.0000 8
30.2000 8
30.7000 8
31.2500 8
31.8000 8
32.3000 8
32.5000 8
32.8500 9
33.1500 9
33.5000 9
33.8000 9
34.3000 9
34.6000 9
34.9500 9
35.4000 9
35.5500 9
35.9500 9
36.2500 9
36.5000 9
36.7500 9
37.2000 9
37.5500 9
37.8000 9
37.9500 9
38.1500 9
38.4500 9
38.5500 9
38.7500 9
39.1500 9
39.5000 9
39.9500 10
40.3000 10
40.5000 10
40.8000 10
41.3500 10
41.5500 10
41.8500 10
42.1500 10
42.3000 10
42.5500 10
42.9000 10
43.0500 10
43.2500 11
43.4000 11
43.6500 11
43.9500 11
44.4000 11
44.6500 11
44.8000 11
45.3000 11
45.4500 11
45.6000 11
45.9500 11
46.2000 11
46.7000 11
46.9500 11
47.2500 11
47.5500 11
47.9500 12
48.1000 12
48.4500 12
48.5500 12
48.8000 12
49.0000 12
49.5500 12
49.6500 12
50.1500 12
50.6500 13
50.8000 13
51.1000 13
51.4000 13
51.6000 13
51.8000 13
51.9000 13
52.3000 13
52.5500 13
52.8500 13
53.1000 13
53.4500 13
53.8000 13
54.1000 13
54.6000 13
54.9000 13
55.0500 13
55.5500 13
55.7500 14
56.0500 14
56.2000 14
56.4500 14
56.8000 14
56.9500 14
57.3000 14
57.5000 14
58.0000 14
58.2500 14
58.4500 14
59.0000 14
59.4000 14
59.7000 14
60.2000 14