0.5000 0
0.6500 0
1.1500 0
1.4500 0
1.7000 0
2.2000 0
2.5000 0
2.6500 0
3.2000 0
3.7000 0
4.1500 0
4.5500 0
4.6500 0
5.1000 0
5.2000 0
5.5000 0
5.6500 0
5.8500 0
6.2500 0
6.6500 1
7.1000 1
7.4000 1
7.9000 1
8.4500 1
8.8000 1
8.9000 2
9.1500 2
9.5500 2
9.8500 2
10.2000 2
10.3500 2
10.8500 2
11.3500 2
11.6500 2
12.1500 2
12.5500 2
12.7500 2
13.2000 2
13.7000 2
13.8000 2
14.3000 3
14.6000 3
14.9000 3
15.4500 3
15.9000 3
16.2500 3
16.7500 3
17.1000 3
17.6000 3
18.1500 3
18.6500 3
19.1500 3
19.3500 4
19.8500 4
20.4000 4
20.7000 4
21.2000 4
21.4500 4
21.9500 4
22.4000 4
22.9000 4
23.4500 4
23.7500 5
24.2000 5
24.7500 5
24.9000 5
25.4500 5
25.9500 5
26.4500 5
26.9000 5
27.3000 6
27.7000 6
28.1000 6
28.6500 6
29.1000 6
29.2500 6
29.5000 6
30.0500 6
30.2500 6
30.6000 6
31.0500 7
31.5500 7
31.9500 7
32.4500 7
32.7500 7
33.0000 7
33.5000 7
34.0000 8
34.3000 8
34.4500 8
34.7000 8
35.2000 8
35.7500 8
36.3000 8
36.8000 8
37.1500 8
37.6500 8
37.8500 8
38.4000 8
38.7000 8
39.2500 9
39.4500 9
39.6500 9
40.2000 9
40.7000 9
40.8000 9
41.3500 9
41.8500 9
42.0500 9
42.6000 9
43.1000 9
43.4500 9
43.9500 9
44.5000 9
44.9500 9
45.3500 9
45.6500 9
46.1500 9
46.4000 10
46.8000 10
47.0000 10
47.2000 10
47.7500 10
47.9000 10
48.1000 10
48.3000 10
48.4000 10
48.7000 10
48.8000 10
49.3000 10
49.8500 10
50.4000 10
50.9000 10
51.4500 10
51.7000 10
52.2000 10
52.7500 10
53.3000 10
53.5000 10
54.0500 11
54.6000 11
54.9000 11
55.1500 11
55.6500 11
55.9000 11
56.4500 12
56.8000 12
57.0000 12
57.4000 12
57.6000 12
57.9500 12
58.3000 12
58.6500 13
59.2000 13
59.7500 13
60.2500 13