0.3000 0
0.7000 0
0.9500 0
1.2000 0
1.4000 0
1.6000 0
1.7500 0
2.0000 0
2.2000 1
2.5500 1
2.8000 1
3.1000 1
3.5500 1
4.0000 1
4.4000 1
4.6000 2
4.9500 2
5.4000 2
5.7500 2
6.1500 2
6.7000 2
7.2000 2
7.5000 2
7.9500 2
8.2500 2
8.6000 3
9.1500 3
9.3500 3
9.4500 3
9.6000 3
10.1500 3
10.5500 3
10.7500 3
11.2500 3
11.6000 4
11.9000 4
12.4000 4
12.6000 4
12.9500 4
13.4500 4
13.6000 4
13.8000 4
14.2500 4
14.7500 4
14.9000 4
15.4500 4
15.8500 4
16.4000 5
16.8500 5
17.3500 5
17.8500 5
18.4000 5
18.9000 5
19.1500 5
19.4500 5
19.8500 5
20.0500 5
20.2000 5
20.3000 5
20.8000 5
21.0000 5
21.3500 5
21.7000 5
22.2000 6
22.5000 6
23.0500 6
23.5500 6
23.6500 6
23.8500 6
24.4000 6
24.9000 6
25.3500 6
25.6500 6
26.0000 7
26.2500 7
26.7500 7
27.3000 7
27.4000 7
27.7500 7
28.1000 7
28.4000 7
28.5500 7
29.0000 7
29.2000 7
29.7500 7
30.0500 7
30.4500 7
30.8000 7
31.2500 8
31.7000 8
32.2000 8
32.5000 8
32.8500 8
33.3000 8
33.8000 8
33.9500 8
34.4500 8
34.7500 8
35.3000 8
35.7000 9
36.0500 9
36.5500 9
37.1000 9
37.2500 9
37.8000 9
38.3500 9
38.6000 9
38.9500 9
39.5000 9
39.8000 9
40.3000 10
40.6500 10
40.8500 10
41.1000 10
41.5000 10
42.0500 10
42.6000 10
42.9500 10
43.3500 10
43.5000 10
43.9000 11
44.2000 11
44.4500 11
45.0000 11
45.2500 11
45.4000 11
45.9500 11
46.2000 11
46.4500 11
47.0000 12
47.4500 12
47.8000 12
48.0500 12
48.6000 12
49.1500 12
49.5000 12
49.8000 12
50.0000 12
50.4500 12
51.0000 12
51.4500 13
51.7000 13
52.2500 13
52.7000 13
53.0000 13
53.2500 13
53.7000 13
54.2000 14
54.4500 14
55.0000 14
55.4500 14
55.8500 14
56.4000 14
56.7500 14
57.0000 14
57.5500 15
58.1000 15
58.6000 15
59.1000 15
59.6500 15
60.2000 15