0.3000 0
0.7500 0
1.2000 0
1.4500 1
1.7000 1
1.9000 1
2.1500 1
2.7000 1
2.9500 1
3.1500 1
3.7000 1
4.0000 1
4.5500 2
4.8500 2
5.1500 2
5.3500 2
5.6500 2
5.8500 2
6.2500 2
6.5000 3
6.7000 3
6.9000 3
7.2000 3
7.5000 3
7.9000 3
8.2500 3
8.7500 3
9.1000 4
9.3500 4
9.7500 4
10.1000 4
10.5000 4
10.7000 4
11.1500 4
11.4500 4
11.8500 4
12.2000 4
12.6000 4
12.9000 4
13.2000 4
13.5500 4
13.9000 4
14.3000 4
14.6500 4
14.9000 5
15.1500 5
15.4000 5
15.6000 5
15.9000 5
16.1500 5
16.5500 5
16.7000 5
17.2500 5
17.5000 5
17.8000 6
18.0000 6
18.3000 6
18.5500 6
19.0500 6
19.3500 6
19.6000 6
19.9500 6
20.1000 6
20.3000 6
20.6000 6
20.8000 6
21.0000 6
21.2000 6
21.5000 7
21.7500 7
22.0000 7
22.2500 7
22.5000 7
22.6500 7
22.9000 7
23.2000 7
23.6000 7
23.9000 7
24.2000 7
24.6500 7
24.8500 7
25.2500 7
25.7500 7
26.2500 7
26.6500 7
27.0000 7
27.5000 8
27.9500 8
28.3000 8
28.6500 8
28.8500 8
29.2000 8
29.6500 8
30.0000 8
30.3500 8
30.7500 8
31.1000 8
31.6500 8
31.8000 8
32.1500 8
32.3500 8
32.6000 8
32.9000 9
33.1500 9
33.4500 9
33.7000 9
34.2000 9
34.5500 9
34.8500 9
35.4000 9
35.8000 9
36.1500 9
36.7000 9
37.1000 10
37.2500 10
37.4000 10
37.8500 10
38.1000 10
38.3500 10
38.5500 10
38.9500 10
39.1000 10
39.3500 10
39.6500 10
39.8000 10
39.9500 11
40.4500 11
40.7000 11
40.9000 11
41.1000 11
41.2500 11
41.6000 11
42.0500 11
42.2500 11
42.3500 11
42.6500 11
42.8500 11
43.0500 11
43.5500 11
43.9000 12
44.1500 12
44.5500 12
45.0500 12
45.6000 12
45.8500 12
46.3500 12
46.7500 12
47.2000 12
47.6000 12
48.1000 12
48.6000 12
49.0000 12
49.4000 12
49.9500 12
50.4500 12
50.9000 12
51.1500 12
51.4000 12
51.9500 12
52.4500 12
52.7000 12
53.1000 12
53.3000 12
53.5500 12
53.8500 12
54.4000 12
54.7000 12
55.0500 12
55.4500 13
55.8500 13
56.2500 13
56.8000 13
57.3000 13
57.5500 13
57.9000 13
58.1000 13
58.4000 13
58.8500 13
59.3000 13
59.7000 13
59.8500 13
60.3500 14