0.5000 0
0.9000 0
1.1500 0
1.4500 1
1.9500 1
2.5000 1
2.8500 1
2.9500 1
3.4500 1
3.6000 1
3.8000 1
4.3000 2
4.5500 2
4.7500 2
5.0000 2
5.4000 2
5.9000 2
5.9500 2
6.4500 2
7.0000 3
7.2500 3
7.5000 3
8.0000 3
8.2000 3
8.4500 3
8.7500 3
9.0000 4
9.3500 4
9.8000 4
10.3500 4
10.7000 4
11.2000 4
11.7500 4
11.8500 4
12.4000 4
12.8000 4
13.3500 4
13.8500 4
14.3500 4
14.8500 5
15.4000 5
15.7000 5
16.2500 5
16.7500 5
17.3000 5
17.8000 5
18.3500 6
18.9000 6
19.4000 6
19.9000 6
20.4000 6
20.7500 6
21.2500 6
21.8000 7
22.3500 7
22.8500 7
23.4000 7
23.9500 7
24.4500 7
24.7500 7
24.9000 7
25.4500 7
25.7500 7
26.3000 7
26.7000 7
27.2000 7
27.7500 7
28.3000 7
28.8000 7
29.3500 7
29.8500 7
30.3500 7
30.7000 8
31.2000 8
31.7500 8
32.2500 8
32.8000 8
33.3500 8
33.8500 8
34.3000 8
34.8500 8
35.3500 8
35.6500 8
35.9500 9
36.4500 9
37.0000 9
37.5500 9
38.0500 9
38.6000 9
39.1500 9
39.6500 9
40.2000 10
40.7000 10
41.2500 10
41.6500 10
42.1500 10
42.5500 10
43.1000 11
43.6000 11
43.8000 11
44.3500 11
44.8500 11
45.2500 11
45.8000 11
46.2500 11
46.3500 11
46.9000 12
47.4500 12
47.9500 12
48.5000 12
48.8500 12
49.3500 12
49.9000 12
50.4500 12
50.5500 12
50.8000 12
51.3000 12
51.5000 12
51.6000 12
52.1500 12
52.2500 12
52.8000 12
53.3000 12
53.7000 12
54.0500 12
54.6000 12
55.1000 12
55.6500 12
56.1500 12
56.5000 12
56.9500 12
57.5000 12
57.7500 12
58.2500 12
58.8000 12
59.3000 13
59.8500 13
60.2000 13