0.5000 0
1.0000 0
1.4500 0
1.9500 1
2.4500 1
3.0000 1
3.3000 1
3.5000 1
4.0000 1
4.5000 1
5.0500 1
5.5500 1
6.0500 2
6.4000 2
6.7500 2
7.1500 2
7.6500 2
8.2000 2
8.7000 2
9.1000 2
9.6000 2
9.8500 2
10.3500 2
10.8500 2
11.4000 2
11.7500 2
12.3000 2
12.7000 2
13.2000 2
13.7000 2
14.2000 2
14.7000 2
15.2000 2
15.7500 3
16.0000 3
16.3500 3
16.6500 3
17.0000 3
17.2500 3
17.6500 3
18.1500 3
18.5500 3
19.0500 3
19.5500 3
20.1000 3
20.3500 4
20.5500 4
20.8000 4
21.3500 4
21.8000 4
22.3500 4
22.5500 4
22.8500 4
23.4000 4
23.7000 5
24.2500 5
24.7500 5
25.3000 5
25.8500 5
26.3500 5
26.8500 5
27.4000 5
27.8500 5
28.1500 5
28.4500 5
28.8500 5
29.1000 5
29.3000 5
29.5500 5
30.0500 5
30.4500 5
30.6500 6
31.2000 6
31.6000 6
31.8500 6
32.2000 6
32.3500 6
32.8500 6
33.4000 6
33.9000 6
34.4500 6
34.8000 7
35.3000 7
35.4500 7
35.9000 7
36.1000 7
36.6000 7
37.1500 7
37.6500 7
38.2000 7
38.7500 7
39.0500 7
39.4000 7
39.8000 7
40.2000 7
40.3500 7
40.8500 7
41.1000 7
41.6000 7
41.9500 7
42.2500 7
42.7500 7
43.3000 7
43.8500 7
44.1500 7
44.7000 7
45.2500 7
45.6500 7
46.2000 7
46.7500 7
46.8000 7
47.3500 7
47.7000 7
48.0000 7
48.3500 7
48.6500 8
48.9500 8
49.4500 8
49.7000 8
50.0000 8
50.4500 8
51.0000 8
51.5000 8
52.0500 8
52.2500 8
52.6000 8
52.9500 8
53.4000 8
53.6000 8
54.1000 9
54.4500 9
54.7000 9
54.9500 9
55.5000 9
55.6000 9
56.1000 9
56.5000 9
57.0000 10
57.1500 10
57.7000 10
58.0500 10
58.2500 10
58.4500 10
58.8000 10
59.3000 10
59.8500 10
60.2500 10