0.4000 0
0.9000 0
1.4500 0
1.9000 1
2.4500 1
2.9500 1
3.3000 1
3.8500 1
4.3500 2
4.8500 2
5.4000 2
5.9000 2
6.3000 2
6.7500 3
7.2500 3
7.8000 3
8.3000 3
8.8500 4
9.3500 4
9.9000 4
10.4000 4
10.7000 4
11.2000 4
11.7000 4
12.2000 4
12.7500 4
13.2500 4
13.8000 4
14.3000 4
14.8500 4
15.3500 5
15.9000 5
16.4000 5
16.9000 5
17.3000 5
17.8000 5
18.3500 6
18.8500 6
19.4000 6
19.6000 6
20.1500 6
20.6000 6
20.8500 6
21.3500 6
21.8500 7
22.4000 7
22.9000 7
23.4500 7
23.9500 7
24.5000 7
25.0000 7
25.3500 7
25.6000 7
26.1500 7
26.5000 7
26.7500 7
27.1000 7
27.4000 7
27.9000 7
28.4000 7
28.9500 7
29.4500 7
30.0000 7
30.5500 7
31.0500 7
31.6000 7
32.1000 7
32.5000 7
33.0500 7
33.5500 7
34.1000 7
34.4000 7
34.9000 7
35.4500 8
35.9000 8
36.4500 8
37.0000 8
37.5000 8
38.0500 8
38.5500 8
38.8500 8
39.4000 8
39.9000 9
40.4500 9
40.9500 9
41.4500 9
42.0000 9
42.5000 9
43.0500 9
43.5500 9
44.0000 9
44.5000 9
45.0500 9
45.6000 9
45.9000 9
46.4000 9
46.8000 10
47.3500 10
47.8500 10
48.3500 10
48.8000 10
49.3000 10
49.8500 10
50.4000 11
50.9500 11
51.4500 11
51.9500 11
52.5000 11
52.9500 11
53.3500 11
53.7000 11
54.0000 11
54.4500 11
55.0000 11
55.2500 11
55.5000 11
56.0500 11
56.6000 11
56.8000 12
57.3500 12
57.6500 12
58.1500 12
58.7000 12
59.2000 12
59.7000 12
60.2500 12