0.5000 0
0.8500 0
0.9000 0
1.3000 0
1.6500 0
2.1000 0
2.3500 1
2.8500 1
3.4000 1
3.5000 1
3.8500 1
4.4000 1
4.9000 2
5.2000 2
5.5000 2
6.0000 2
6.3000 2
6.5000 2
7.0500 2
7.5500 2
8.1000 2
8.6000 2
8.9500 2
9.0500 3
9.3500 3
9.7000 3
10.0500 3
10.2500 3
10.7500 3
11.1000 3
11.2500 3
11.4500 4
11.7000 4
12.0000 4
12.3000 4
12.7000 4
13.0000 4
13.4000 4
13.7500 4
13.8500 4
14.1000 4
14.3000 4
14.4000 4
14.9000 4
15.4500 4
15.9500 4
16.3500 5
16.7000 5
16.8500 5
17.0000 5
17.3000 5
17.4500 5
17.9500 5
18.0500 5
18.5000 5
18.7000 5
18.9500 5
19.4500 6
19.9500 6
20.2500 6
20.7500 6
21.3000 6
21.8000 6
22.3500 6
22.9000 6
23.1500 6
23.7000 6
24.2000 6
24.7500 7
25.3000 7
25.6000 7
26.1000 7
26.6500 7
27.2000 7
27.4500 7
28.0000 7
28.5000 7
29.0500 7
29.5500 7
29.7500 7
30.3000 7
30.5000 7
31.0500 7
31.6000 7
32.1000 7
32.6500 7
32.8500 7
33.2000 7
33.7500 7
34.2000 7
34.6000 7
35.1000 7
35.3000 7
35.8500 7
36.3500 8
36.9000 8
37.3000 8
37.8000 8
38.3500 8
38.5000 8
39.0500 8
39.6000 8
40.1000 8
40.6500 8
41.1500 8
41.6500 8
42.2000 8
42.4500 8
43.0000 8
43.5500 9
44.0500 9
44.6000 9
45.1500 9
45.5500 9
46.0500 9
46.6000 9
47.1000 9
47.6000 9
48.0000 9
48.5500 9
48.9500 10
49.3000 10
49.8500 10
50.4000 10
50.9000 10
51.4500 10
52.0000 10
52.5500 10
53.0500 11
53.6000 11
54.1000 11
54.6500 11
54.9500 11
55.2000 11
55.5000 11
56.0500 11
56.5500 11
56.8000 11
57.3000 12
57.8500 12
58.2500 12
58.8000 12
59.3500 12
59.9000 12
60.4000 12
