0.3000 0
0.8000 0
1.3000 0
1.8000 1
2.3000 1
2.8000 1
3.3500 1
3.8500 1
4.4000 2
4.9000 2
5.4500 2
5.9500 2
6.4500 2
7.0000 2
7.5000 2
8.0000 2
8.2000 2
8.7000 3
9.1500 3
9.3500 3
9.8500 3
10.4000 3
10.7000 3
11.2500 3
11.5000 3
12.0500 3
12.5000 3
13.0500 3
13.5500 3
14.1000 3
14.6000 3
15.1000 3
15.6500 3
16.0000 3
16.5000 3
16.8000 3
17.1000 3
17.4000 3
17.9000 3
18.4500 3
18.9500 4
19.0500 4
19.5500 4
20.1000 4
20.6000 4
21.1500 4
21.4000 4
21.8000 4
22.1000 4
22.6500 4
23.0500 4
23.6000 4
23.8500 5
24.3500 5
24.8500 5
25.0500 5
25.3000 5
25.8500 5
26.4000 5
26.9000 5
27.4500 5
27.9500 5
28.4500 6
28.8000 6
29.3500 6
29.8500 6
30.4000 6
30.9000 6
31.4500 6
31.8000 6
32.3000 6
32.8500 6
33.0500 6
33.5500 6
34.1000 7
34.3500 7
34.5500 7
34.8000 7
35.3000 7
35.8500 7
36.4000 7
36.4500 8
37.0000 8
37.5000 8
38.0500 8
38.4000 8
38.9000 8
39.2500 8
39.4500 8
40.0000 8
40.5000 8
40.9500 8
41.1000 8
41.6000 8
41.9500 8
42.3500 8
42.9000 8
43.4000 8
43.7500 8
44.3000 8
44.8000 9
45.3000 9
45.8500 9
46.3500 9
46.9000 9
47.2500 9
47.6000 9
47.8000 10
48.3500 10
48.8500 10
49.4000 10
49.9500 10
50.3000 10
50.8500 10
51.4000 10
51.9000 10
52.4500 10
52.7500 10
53.0000 10
53.3000 10
53.8000 10
54.0000 11
54.5500 11
55.1000 11
55.4000 11
55.6000 11
56.1000 11
56.5000 11
56.9000 11
57.4000 11
57.9500 12
58.4500 12
58.8000 12
59.3500 12
59.8500 12
60.4000 12