0.5000 0
0.7000 0
1.2000 0
1.7500 1
1.9500 1
2.5000 1
2.8500 1
3.2000 1
3.7000 1
4.2500 1
4.7500 1
5.3000 2
5.8000 2
6.3000 2
6.7500 2
7.2000 2
7.7500 2
8.1000 3
8.6500 3
9.1500 3
9.6000 3
10.1000 3
10.6500 3
11.1500 3
11.7000 3
12.2000 3
12.7000 3
12.9500 3
13.5000 3
13.9500 4
14.5000 4
15.0000 4
15.5500 4
16.0000 4
16.2000 4
16.7000 4
17.2000 4
17.7000 4
17.8000 5
18.1000 5
18.6500 5
19.1500 5
19.4500 5
19.6000 5
20.1500 5
20.4500 5
21.0000 5
21.1500 5
21.5500 5
21.9000 6
22.2000 6
22.3500 6
22.6000 6
23.1500 6
23.6500 6
24.2000 6
24.7000 6
25.2500 6
25.5500 6
26.0500 6
26.6000 7
27.1000 7
27.6500 7
28.2000 7
28.7000 7
29.2500 7
29.7500 7
30.2500 7
30.8000 7
31.3000 7
31.6000 7
32.1000 7
32.6500 7
32.9500 7
33.4500 7
34.0000 7
34.5000 7
35.0500 7
35.6000 7
36.1000 7
36.6500 7
37.0500 7
37.2000 7
37.7500 7
38.2500 7
38.8000 7
39.3500 8
39.8500 8
40.4000 8
40.9000 8
41.1500 8
41.4500 8
41.9500 8
42.5000 9
42.9500 9
43.4500 9
44.0000 9
44.1000 9
44.6000 9
44.9500 9
45.5000 10
46.0000 10
46.2000 10
46.7000 10
47.2500 10
47.3000 10
47.8500 10
47.9000 10
48.4000 10
48.9500 10
49.5000 10
50.0000 10
50.5500 10
51.1000 10
51.6500 10
51.8000 10
52.1500 10
52.7000 11
53.2000 11
53.7500 11
54.3000 11
54.8500 11
54.9500 11
55.4500 11
56.0000 11
56.2000 11
56.6500 11
57.1500 11
57.7000 12
58.1000 12
58.6500 12
59.1500 12
59.7000 12
60.2500 12