0.5000 0
0.9500 0
1.2000 0
1.7000 1
1.9000 1
2.4500 1
2.6500 1
3.2000 1
3.7000 1
4.2000 1
4.4500 1
4.7000 1
5.0000 2
5.5500 2
6.0500 2
6.6000 2
6.8000 2
7.3000 2
7.8000 2
8.2000 3
8.7500 3
9.0000 3
9.3000 3
9.7000 3
10.1000 3
10.5500 3
10.8000 3
11.3500 3
11.7500 3
11.8500 3
12.4000 3
12.5000 3
12.7500 3
13.1500 3
13.4000 4
13.9000 4
14.4500 4
14.6500 4
15.1000 4
15.6000 4
15.7000 4
16.2000 4
16.7500 4
17.2500 4
17.7000 5
18.2000 5
18.7500 5
19.2500 5
19.8000 5
20.2500 5
20.8000 5
21.3000 5
21.6000 6
22.1500 6
22.6500 6
22.8500 6
23.3500 6
23.5000 6
23.9000 6
24.4000 6
24.5500 6
24.9000 6
25.3000 6
25.8000 6
26.3500 6
26.8500 6
27.4000 6
27.6000 6
27.8000 6
28.2000 6
28.7000 7
29.2500 7
29.7500 7
30.3000 7
30.4000 7
30.8500 7
31.1000 7
31.6500 7
32.2000 8
32.5000 8
32.9000 8
33.4000 8
33.6500 8
34.2000 8
34.4500 8
35.0000 8
35.5000 8
35.7500 8
36.0500 8
36.5500 8
37.1000 8
37.3000 9
37.8500 9
38.4000 9
38.8500 9
39.3500 9
39.9000 9
40.4000 9
40.6000 9
41.1000 10
41.6000 10
42.1000 10
42.5500 10
42.8000 10
43.2500 10
43.5000 10
43.6500 10
44.2000 10
44.3000 10
44.8500 10
45.1500 10
45.5500 10
45.8000 10
46.3500 11
46.9000 11
47.4500 11
47.9500 11
48.3000 11
48.6500 11
49.1500 11
49.6000 11
49.7500 11
50.3000 11
50.6000 11
51.1500 11
51.2500 11
51.4000 11
51.5500 11
52.0500 12
52.4500 12
53.0000 12
53.4000 12
53.7500 12
53.8500 12
54.3500 12
54.4500 12
54.8500 12
55.4000 12
55.6500 12
56.1000 12
56.6500 12
57.1500 12
57.3000 12
57.8500 12
58.4000 12
58.9000 12
59.4500 12
60.0000 12