0.5000 0
1.0000 0
1.1000 0
1.6500 0
1.9000 0
2.4000 0
2.8000 0
3.3000 0
3.7500 0
4.2500 0
4.7500 0
5.3000 0
5.7500 0
6.2500 0
6.7500 1
7.0000 1
7.5000 1
8.0500 1
8.1500 1
8.6500 1
9.2000 1
9.5500 2
9.7000 2
10.0500 2
10.2000 2
10.7000 2
10.9000 2
11.1000 2
11.6000 2
11.7500 2
12.0500 2
12.5500 2
13.0000 2
13.5000 2
14.0000 2
14.5500 3
15.0500 3
15.5000 3
16.0000 3
16.1500 3
16.3500 3
16.9000 3
17.3000 3
17.8500 3
18.3500 3
18.8000 3
19.3000 3
19.5000 4
19.9000 4
20.1000 4
20.5000 4
20.8000 4
21.3500 4
21.8500 4
22.4000 4
22.9000 4
23.4000 4
23.5500 4
23.6500 4
24.1500 4
24.6000 4
25.1000 4
25.6500 4
26.1500 4
26.6500 4
27.1000 4
27.6500 4
28.0000 4
28.2500 4
28.7000 4
29.1500 4
29.5500 4
29.9000 4
30.2000 4
30.4500 5
30.7000 5
30.8000 5
31.3500 5
31.6000 5
31.8000 5
32.0500 5
32.4000 5
32.9500 5
33.0500 5
33.3500 5
33.6000 5
34.1000 5
34.6500 5
35.1500 5
35.7000 6
36.2000 6
36.7500 6
37.2500 6
37.6000 6
38.0000 6
38.5500 6
39.0500 6
39.6000 6
40.0000 6
40.2000 6
40.5000 6
40.7500 6
41.3000 6
41.7000 6
42.2500 6
42.7500 6
43.3000 6
43.5000 6
44.0000 6
44.2000 6
44.7000 6
45.0000 7
45.5000 7
45.8500 7
46.4000 7
46.9000 7
47.4000 7
47.7500 8
48.2500 8
48.7500 8
49.3000 8
49.5500 8
49.7500 8
50.2500 8
50.6000 8
51.1500 8
51.6500 8
52.0000 8
52.2500 8
52.4500 9
52.6500 9
53.2000 9
53.4500 9
54.0000 9
54.5000 9
55.0500 9
55.4000 9
55.8000 9
56.1500 9
56.5000 9
56.7500 9
56.9500 9
57.2000 9
57.5000 9
57.7000 9
57.9000 9
58.1000 9
58.4500 10
58.6500 10
59.2000 10
59.7500 10
60.2500 10