0.4500 0
0.6500 0
0.9000 0
1.1500 0
1.6000 0
2.0500 0
2.3000 0
2.4500 0
2.7500 0
2.8500 0
3.1000 0
3.6000 0
3.8500 0
4.3000 0
4.8000 0
5.2500 0
5.4000 0
5.7500 0
6.2500 0
6.4500 1
6.9000 1
7.1500 1
7.4000 1
7.5500 1
7.9000 1
8.1000 1
8.3500 1
8.7500 1
8.9500 1
9.3500 2
9.9000 2
10.2500 2
10.5500 2
10.8000 2
11.1000 2
11.4500 2
11.7500 2
12.0500 2
12.3000 2
12.7500 2
12.9000 2
13.4000 2
13.9500 2
14.4000 2
14.5500 2
14.8500 2
15.3000 3
15.8000 3
16.1000 3
16.5000 3
16.9000 3
17.2000 3
17.7500 3
17.9500 3
18.3000 3
18.8500 3
19.0000 3
19.3500 3
19.8500 3
20.1000 3
20.6000 4
21.1500 4
21.6000 4
22.1500 4
22.6500 4
22.9000 4
23.2500 4
23.4500 4
23.8500 4
24.1500 4
24.4500 4
24.7000 4
25.0500 4
25.3500 4
25.8000 4
26.2000 4
26.5500 4
26.7500 5
27.0500 5
27.2000 5
27.2500 5
27.8000 5
28.2500 5
28.6000 5
29.1000 5
29.4000 6
29.8000 6
30.1000 6
30.5000 6
31.0000 6
31.4000 6
31.8500 6
32.2000 6
32.7500 6
33.1000 7
33.6500 7
34.1500 7
34.5500 7
35.0500 7
35.5500 7
35.8500 7
36.2500 7
36.7500 7
36.9000 7
37.1000 7
37.4500 7
37.9000 7
38.2500 7
38.6500 7
38.9500 7
39.3000 8
39.6500 8
40.1500 8
40.6000 8
41.1500 8
41.6500 8
42.2000 9
42.3500 9
42.4000 9
42.7000 9
42.9500 9
43.5000 9
43.7500 9
44.2500 9
44.8000 9
45.2500 9
45.6000 9
46.1500 9
46.5000 9
46.9000 10
47.4500 10
48.0000 10
48.4000 10
48.9000 10
49.3000 10
49.7000 11
50.0500 11
50.4000 11
50.9000 11
51.2500 11
51.5500 11
51.8000 11
52.3500 11
52.5500 11
53.1000 11
53.4500 11
53.9000 12
54.1500 12
54.6500 12
55.0500 12
55.4500 12
55.9500 12
56.5000 12
56.7500 13
57.1500 13
57.5500 13
58.0500 13
58.4500 13
58.8500 13
59.3000 13
59.8500 13
60.1500 13