0.5000 0
1.0000 0
1.3500 1
1.6000 1
2.1000 1
2.4500 1
2.9500 1
3.3000 1
3.8500 1
4.3500 2
4.7500 2
4.9000 2
5.4500 2
5.8500 2
6.2000 2
6.7500 3
7.2500 3
7.8000 3
8.1500 3
8.7000 3
9.0000 4
9.5000 4
10.0500 4
10.5500 4
11.0500 4
11.3000 4
11.8000 4
12.3500 4
12.8500 4
13.4000 4
13.9000 5
14.4500 5
14.9500 5
15.4000 5
15.9000 5
16.4500 5
16.7500 5
17.2500 6
17.6500 6
18.1500 6
18.7000 6
19.0500 6
19.3000 6
19.8000 6
20.3000 6
20.4500 6
21.0000 6
21.5500 7
21.8000 7
22.3500 7
22.7000 7
23.0000 7
23.1000 7
23.4000 7
23.9500 7
24.2500 7
24.8000 8
25.3000 8
25.8500 8
26.3500 8
26.7500 8
27.2000 8
27.6000 8
28.1000 9
28.6500 9
29.1500 9
29.7000 9
29.9500 9
30.4500 9
31.0000 9
31.5000 10
32.0500 10
32.6000 10
32.8500 10
33.3500 10
33.7500 10
34.3000 10
34.8000 10
35.3500 10
35.9000 10
36.1000 10
36.6500 11
37.2000 11
37.7000 11
38.2500 11
38.8000 11
39.3500 11
39.8500 11
40.3000 12
40.6000 12
41.1500 12
41.6500 12
42.0000 12
42.4000 12
42.8500 12
43.3500 12
43.6500 12
44.2000 12
44.7500 12
45.2500 12
45.8000 12
46.3500 12
46.8500 12
47.2000 12
47.7500 12
48.3000 13
48.8500 13
49.3500 13
49.6500 13
50.2000 13
50.7500 13
51.3000 14
51.8000 14
52.2000 14
52.7500 14
53.0500 14
53.6000 14
53.9500 14
54.3500 14
54.9000 14
55.4500 14
55.9500 14
56.4500 14
56.8500 15
57.4000 15
57.7000 15
58.2500 15
58.8000 15
59.3500 15
59.8500 15
60.1500 15