0.3000 0
0.8000 0
1.3500 0
1.6500 1
2.1500 1
2.7000 1
3.2000 1
3.7500 1
4.2500 1
4.7500 1
5.3000 2
5.8000 2
6.0000 2
6.2000 2
6.7500 2
7.2500 2
7.8000 2
8.3000 3
8.7000 3
9.0000 3
9.5000 3
10.0500 3
10.5500 3
11.1000 3
11.6000 4
12.0000 4
12.5000 4
13.0000 4
13.5500 4
13.7000 4
14.1000 4
14.4000 4
14.7500 5
15.2000 5
15.7000 5
16.1000 5
16.6500 5
17.1500 5
17.7000 5
17.9500 6
18.5000 6
18.9000 6
19.4000 6
19.9500 6
20.4500 6
20.7000 6
21.0500 6
21.6000 6
22.1000 6
22.2500 6
22.7500 6
23.3000 6
23.8000 6
24.3000 7
24.6500 7
25.1500 7
25.7000 7
25.9000 7
26.4000 7
26.8500 7
27.2000 7
27.7000 7
28.2000 7
28.7500 7
29.2500 7
29.7000 7
29.8500 7
30.3500 7
30.8500 7
31.4000 7
31.9000 8
32.3000 8
32.8000 8
33.3500 8
33.8500 8
34.3500 8
34.9000 9
35.4000 9
35.6500 9
35.9500 9
36.4500 9
37.0000 9
37.3500 9
37.4500 9
37.5500 9
37.7000 9
37.9000 9
37.9500 9
38.0500 9
38.1500 9
38.2500 9
38.3500 9
38.5000 9
38.6000 9
38.7000 9
38.8000 9
38.9000 9
39.0000 9
39.1000 9
39.1500 9
39.2500 9
39.3000 9
39.3500 9
39.4500 9
39.5500 9
39.6500 10
39.7500 10
39.8500 10
39.9500 10
40.0500 10
40.1000 10
40.2000 10
40.3000 10
40.3500 10
40.4500 10
40.5500 10
40.6000 10
40.7000 10
40.7500 10
40.8000 10
40.8500 10
40.9500 10
41.0500 10
41.1500 10
41.2500 10
41.3500 10
41.4500 10
41.5500 10
41.6000 10
41.7000 10
41.9000 10
41.9500 10
42.0500 10
42.1500 10
42.2500 10
42.3000 10
42.4000 10
42.5000 10
42.6000 10
42.7500 10
42.8000 10
42.8500 10
42.9000 10
43.0000 10
43.1000 10
43.2000 10
43.3000 10
43.4000 10
43.5000 10
43.6500 10
43.7000 10
43.7500 10
43.8500 10
43.9500 10
44.0500 10
44.1500 10
44.2000 10
44.3000 10
44.4000 10
44.5000 10
44.6000 11
44.7000 11
44.8000 11
44.9500 11
45.0500 11
45.1500 11
45.2500 11
45.3000 11
45.4500 11
45.5500 11
45.6500 11
45.7500 11
45.8500 11
45.9500 11
46.0500 11
46.1000 11
46.1500 11
46.2000 11
46.3000 11
46.4000 11
46.5000 11
46.5500 11
46.6500 11
46.7000 11
46.8000 11
46.9000 11
47.0000 11
47.1000 11
47.2000 11
47.3000 11
47.3500 11
47.4000 11
47.4500 11
47.5500 11
47.6500 12
47.7500 12
47.9500 12
48.0500 12
48.1500 12
48.2000 12
48.4500 12
48.6000 12
48.7000 12
48.8000 12
48.9000 12
49.0000 12
49.1000 12
49.2000 12
49.3000 12
49.4500 12
49.5000 12
49.6500 12
49.8000 12
49.9000 12
50.0500 12
50.1500 12
50.2000 12
50.3000 12
50.4000 12
50.5000 12
50.6500 12
50.7500 12
50.8500 13
50.9500 13
51.0500 13
51.1500 13
51.2000 13
51.2500 13
51.3000 13
51.4000 13
51.5000 13
51.6000 13
51.7000 13
51.8000 13
51.9000 13
52.0000 13
52.1000 13
52.2000 13
52.3000 13
52.3500 13
52.4500 13
52.5500 13
52.6500 13
52.7500 13
52.8500 13
52.9500 13
53.0000 13
53.0500 13
53.2500 13
53.3000 13
53.4000 13
53.4500 13
53.5500 13
53.6000 13
53.7000 13
53.8000 13
53.9500 13
54.1000 13
54.2000 13
54.3000 13
54.4000 13
54.4500 13
54.5500 13
54.6500 13
54.7500 13
54.8000 13
54.9000 13
54.9500 13
55.0500 13
55.1500 13
55.2500 13
55.3000 13
55.4500 13
55.5500 13
55.6500 13
55.7500 13
55.8000 14
55.9000 14
56.0000 14
56.1000 14
56.2000 14
56.2500 14
56.3000 14
56.4000 14
56.5500 14
56.6500 14
56.7500 14
56.8500 14
56.9500 14
57.0500 14
57.1500 14
57.2500 14
57.3500 14
57.4500 14
57.5500 14
57.6500 14
57.7500 14
57.8500 14
57.9500 14
58.0500 14
58.1500 14
58.2500 14
58.3000 14
58.4000 14
58.4500 14
58.5500 14
58.6500 14
58.7500 14
58.8000 14
58.9000 14
58.9500 14
59.0000 14
59.1500 14
59.2500 14
59.3000 14
59.4500 14
59.5000 14
59.5500 14
59.6500 14
59.7500 14
59.8000 14
59.9500 14
60.0500 14