0.2000 0
0.5000 0
1.0000 0
1.5500 0
1.8000 0
1.9500 0
2.5000 1
2.6000 1
3.0000 1
3.5000 1
4.0500 1
4.5500 1
5.1000 2
5.4000 2
5.7500 2
5.8500 2
6.4000 2
6.8000 2
6.9500 2
7.5000 2
8.0000 2
8.3000 2
8.5500 2
8.8000 2
9.2000 3
9.7500 3
10.2500 3
10.7500 3
11.1000 3
11.6500 4
12.1500 4
12.7000 4
13.1500 4
13.6500 4
13.9000 4
14.1000 4
14.3000 4
14.8500 4
15.3500 4
15.6500 4
15.8500 5
16.3500 5
16.7000 5
17.0000 5
17.2500 5
17.4000 5
17.9500 5
18.3500 5
18.6000 5
18.8500 5
19.4000 5
19.9000 5
20.2000 5
20.7000 5
21.2500 5
21.8000 6
22.0500 6
22.4000 6
22.8000 6
23.1000 6
23.6500 6
24.1500 6
24.6500 7
25.2000 7
25.6000 7
26.0000 7
26.4500 7
26.9500 7
27.5000 7
28.0000 7
28.5500 7
28.8500 7
29.0000 7
29.5000 7
30.0500 7
30.5500 7
31.1000 8
31.2000 8
31.3500 8
31.5500 8
31.8000 8
32.3500 8
32.9000 8
33.2500 8
33.8000 8
34.1500 8
34.6500 8
35.0500 9
35.4000 9
35.7500 9
36.2000 9
36.5000 9
37.0500 9
37.4500 9
38.0000 9
38.2500 9
38.6500 9
39.2000 9
39.7500 10
40.2500 10
40.4500 10
40.7500 10
41.0000 10
41.5500 10
42.1000 10
42.5000 10
43.0000 10
43.3000 11
43.5500 11
43.8500 11
44.4000 11
44.9000 11
45.2000 11
45.6000 11
45.8500 11
46.2500 11
46.5000 12
47.0500 12
47.2000 12
47.5000 12
48.0500 12
48.5500 12
48.9500 12
49.4500 12
50.0000 12
50.5500 12
51.1000 12
51.6000 13
51.9000 13
52.4500 13
52.9000 13
53.4500 13
53.9500 13
54.1500 14
54.7000 14
55.2500 14
55.6500 14
55.9000 14
56.2000 14
56.7500 14
57.3000 14
57.4500 15
57.9500 15
58.5000 15
58.6500 15
58.9000 15
59.4000 15
59.9500 15
60.4500 15