0.3500 0
0.6000 0
0.9000 0
1.0500 0
1.5500 0
1.9500 0
2.2000 0
2.6500 0
2.9000 0
3.2000 0
3.4000 0
3.6500 0
4.0500 0
4.1000 0
4.4500 0
4.7500 0
5.1500 0
5.4500 0
5.9000 1
6.1500 1
6.5500 1
7.1000 1
7.3000 1
7.6500 1
8.0500 1
8.4500 1
8.8000 1
9.2000 1
9.4500 1
9.5500 1
9.9000 1
10.2500 1
10.6000 1
11.1000 2
11.4000 2
11.5500 2
12.0000 2
12.3000 2
12.5500 2
12.6000 2
12.9500 2
13.2000 2
13.6000 2
14.0500 2
14.3000 2
14.7000 3
15.0000 3
15.4000 3
15.6500 3
16.0000 3
16.1500 3
16.5000 3
17.0500 3
17.5500 3
17.7500 3
18.1000 3
18.4500 3
18.6500 3
18.9000 3
19.4000 3
19.8000 3
20.2500 3
20.7500 3
21.0500 3
21.3500 3
21.6500 3
22.0000 3
22.4000 3
22.6000 3
22.9000 3
23.3000 3
23.5500 3
23.9500 3
24.3000 3
24.5000 3
24.6500 3
25.0500 3
25.3000 3
25.8000 3
26.0500 3
26.4000 3
26.9000 3
27.4500 4
27.7000 4
28.0000 4
28.1500 4
28.6000 4
28.7500 4
29.1500 4
29.5000 4
30.0000 4
30.4000 5
30.5000 5
30.7000 5
31.0500 5
31.3000 5
31.5000 5
31.7000 5
31.8500 5
32.3000 5
32.4000 5
32.6000 5
33.0500 5
33.6000 5
33.9500 6
34.2000 6
34.4500 6
34.9500 6
35.1500 6
35.6000 6
36.0000 6
36.3500 6
36.7000 7
36.9000 7
37.3500 7
37.6000 7
37.8500 7
38.2000 7
38.4000 7
38.9000 7
39.1500 7
39.3000 7
39.7500 7
40.2000 8
40.5500 8
40.8500 8
41.0000 8
41.3500 8
41.6000 8
41.9500 8
42.3000 8
42.6000 8
42.8500 8
43.2500 9
43.6000 9
43.8000 9
44.0000 9
44.3000 9
44.4500 9
44.9500 9
45.5000 9
45.8000 9
46.1500 9
46.5500 9
46.7000 9
47.0000 9
47.4500 10
47.7000 10
48.1000 10
48.3000 10
48.6000 10
49.0000 10
49.5000 10
49.7000 10
50.2500 10
50.6500 10
51.0000 11
51.4500 11
51.8000 11
51.9500 11
52.2500 11
52.5500 11
52.7000 11
53.0000 11
53.2500 11
53.4000 11
53.6000 11
53.7000 11
54.0500 11
54.2000 11
54.5000 11
54.9000 12
55.2000 12
55.7000 12
56.2000 12
56.4000 12
56.8000 12
57.3000 12
57.6000 12
57.9000 12
58.1000 12
58.4000 12
58.7500 12
59.2000 12
59.6500 12
59.8000 12
60.3000 12