0.2000 0
0.4500 0
0.7000 0
1.0500 0
1.3000 1
1.6000 1
2.0000 1
2.4000 1
2.7000 1
2.9500 1
3.5000 1
3.8500 1
4.2500 2
4.8000 2
5.0000 2
5.3000 2
5.5500 2
5.8500 2
6.1500 2
6.4500 3
7.0000 3
7.5000 3
7.9500 3
8.3000 3
8.6000 3
8.8500 4
9.3000 4
9.6500 4
9.9500 4
10.3500 4
10.7500 4
11.0500 4
11.3500 4
11.8500 4
12.2000 4
12.7500 4
13.1000 4
13.6000 4
13.9500 4
14.4500 4
14.7500 5
14.9500 5
15.5000 5
16.0000 5
16.1000 5
16.4000 5
16.9500 5
17.2000 5
17.7000 5
18.2500 6
18.6000 6
19.1500 6
19.6500 6
20.1500 6
20.4500 6
20.8000 6
21.3000 6
21.5500 6
21.8500 6
22.3500 6
22.9000 7
23.1000 7
23.4500 7
23.9000 7
24.4500 7
24.8000 7
25.3500 7
25.8500 8
26.4000 8
26.9000 8
27.1500 8
27.4000 8
27.7500 8
28.2500 8
28.8000 8
28.9500 8
29.4500 8
30.0000 8
30.4500 8
31.0000 8
31.3000 8
31.8500 9
32.2000 9
32.5500 9
33.1000 9
33.6000 9
33.8500 9
34.2500 10
34.3500 10
34.7000 10
34.9000 10
35.2000 10
35.7500 10
36.1500 10
36.4000 10
36.9500 10
37.5000 10
38.0000 10
38.5500 10
39.1000 10
39.5000 11
40.0500 11
40.5500 11
40.8000 11
41.2000 11
41.5500 11
42.0000 11
42.5500 11
43.0500 11
43.3500 11
43.7000 11
44.1000 11
44.5500 12
45.0500 12
45.6000 12
45.9000 12
46.0500 12
46.6000 12
46.9000 12
47.4500 12
47.7500 12
47.9500 13
48.4000 13
48.7000 13
48.9500 13
49.1000 13
49.6500 13
50.2000 13
50.7000 13
51.2500 13
51.5500 13
51.9500 13
52.3000 13
52.8000 13
53.3500 14
53.6500 14
53.9500 14
54.2000 14
54.5500 14
55.0000 14
55.2500 14
55.6500 14
56.2000 14
56.6000 14
57.0000 14
57.5500 14
58.1000 15
58.4000 15
58.8000 15
59.3000 15
59.8500 15
60.2000 15