0.6000 0
1.2000 0
1.7500 0
2.3500 0
2.9500 1
3.5500 1
3.8000 3
3.9000 3
4.5000 4
4.7000 4
5.3000 6
5.7500 6
6.3500 6
6.9500 6
7.6000 6
8.2000 7
8.8500 7
9.4000 9
10.0500 9
10.6500 9
11.3000 10
11.7500 10
12.4000 11
13.0000 12
13.6500 13
14.2500 13
14.6000 13
15.2500 13
15.8500 15
16.5000 17
17.1500 17
17.8000 17
18.4000 18
19.0500 18
19.6500 18
20.3000 19
20.9500 19
21.5500 20
22.1500 20
22.8000 21
23.2000 22
23.8500 23
24.5000 23
25.1500 23
25.8000 23
26.3500 23
27.0000 23
27.6500 25
28.3000 25
28.9500 25
29.1500 25
29.8000 26
30.4500 26
31.1000 26
31.7000 26
32.3500 26
33.0000 26
33.6500 27
34.3000 27
34.9500 27
35.4500 28
36.1000 28
36.7500 28
37.4000 28
38.0500 28
38.7000 28
39.3500 28
40.0000 28
40.6500 28
41.3000 28
41.8000 28
42.4500 28
43.1500 28
43.4500 28
44.1000 28
44.7500 28
45.4000 28
45.8000 29
46.3500 30
46.6000 30
47.2500 30
47.9000 31
48.6000 31
49.2500 32
49.9000 33
50.5500 34
51.0500 35
51.2500 35
51.9000 35
52.6000 36
53.2500 36
53.9000 36
54.6000 37
55.1000 37
55.5000 37
56.1500 38
56.5500 38
57.2500 38
57.9000 39
58.6000 39
59.0500 39
59.7000 39
60.4000 39