0.6000 0
1.2000 1
1.4500 2
1.8500 3
2.4500 4
2.7500 4
3.0500 4
3.5000 4
4.0000 4
4.6000 5
5.2500 7
5.6500 7
6.2500 8
6.8500 9
7.5000 10
8.1000 11
8.6000 12
8.8500 12
9.5000 13
10.1500 15
10.7500 15
11.0000 15
11.6500 15
12.2000 16
12.5000 18
13.1000 18
13.7500 18
14.2500 18
14.9000 18
15.5000 19
16.1000 19
16.7500 19
17.3500 20
17.7000 21
18.3500 21
19.0000 22
19.6500 22
20.1000 23
20.7500 24
21.3500 24
22.0000 24
22.6500 24
23.1000 24
23.7500 24
24.4000 26
25.0500 26
25.7000 26
26.3500 26
27.0000 26
27.5500 26
27.9000 26
28.5500 26
29.2500 26
29.9000 26
30.5500 28
31.1500 28
31.5500 28
32.2000 28
32.7500 28
33.0000 28
33.5500 29
34.1000 29
34.7500 29
35.4000 29
36.0500 29
36.7000 29
37.2500 29
37.6000 30
38.2500 30
38.8000 30
39.1500 30
39.7000 30
40.3500 30
40.6000 30
41.0500 30
41.2000 30
41.8500 30
42.2500 30
42.8500 30
43.5000 30
43.9000 30
44.5000 32
44.8500 32
45.3000 32
45.5500 32
46.2000 32
46.6500 32
47.3000 33
47.8000 33
48.4500 33
49.1000 33
49.5000 33
50.1500 34
50.4000 34
51.0500 35
51.2000 35
51.6500 35
52.2000 36
52.6000 36
52.9000 36
53.5500 36
53.8500 36
54.2500 36
54.4000 36
55.0500 36
55.7000 36
56.0500 36
56.3500 36
57.0000 36
57.3000 36
57.9500 36
58.4500 36
58.8000 36
59.0500 36
59.7500 36
60.2500 36
60.6000 36
61.2000 36
61.6000 36
61.7500 36
61.9000 36
62.2500 36
62.9500 36
63.6000 36
63.8000 36
64.3000 36
64.9500 36
65.2500 36
65.9000 36
66.5500 36
67.2500 36
67.5000 36
67.9500 36
68.4000 36
68.8000 36
69.4500 36
69.8000 36
70.2000 36
70.6000 36
71.0500 36
71.6500 36
72.3000 36
72.6500 36
73.0000 36
73.5500 36
73.9500 36
74.2000 36
74.6500 36
75.0500 36
75.4000 36
75.8500 36
76.2000 36
76.5000 36
77.2000 36
77.7500 36
78.4000 36
78.8500 36
79.5000 36
80.1000 36
80.8000 36
81.4000 36
81.6500 36
82.3000 36
82.6500 36
83.1000 36
83.2500 36
83.8500 36
84.1500 36
84.7500 36
85.4500 36
86.1000 36
86.4000 36
86.6500 36
87.0500 36
87.7000 36
88.4000 36
88.7500 36
89.4000 36
89.9000 36
90.2000 36
90.4500 36
91.1000 36
91.7500 36
92.4500 36
93.1000 36
93.7500 36
94.2500 36
94.5500 36
95.1000 36
95.7500 36
95.9500 36
96.5500 36
97.2000 36
97.8500 36
98.3500 36
98.8500 36
99.1500 36
99.8000 36
100.4500 36
101.1500 36
101.6500 36
102.2000 36
102.7500 36
103.0000 36
103.6500 36
104.3500 36
105.0000 36
105.6500 36
106.1500 36
106.4500 36
106.8500 36
107.5500 36
107.8500 36
108.0000 36
108.4000 36
108.5500 36
108.8500 36
109.5000 36
109.7500 36
110.4000 36
110.8000 36
110.9500 36
111.1000 36
111.6500 36
112.3000 36
112.8000 36
113.4500 36
114.1000 36
114.3500 36
114.6000 36
114.8000 36
115.5000 36
116.1500 36
116.6500 36
117.2000 36
117.4500 36
118.1000 36
118.5500 36
118.9000 36
119.1500 36
119.8500 36
120.4500 36
121.0500 36
121.5500 36
122.0500 36
122.4500 36
123.1000 36
123.6500 36
123.9000 36
124.3000 36
124.6000 36
125.0000 36
125.4000 36
126.1000 36
126.7500 36
127.3500 36
128.0000 36
128.6500 36
128.9500 36
129.5500 36
130.0000 36
130.3500 36
130.8500 36
131.2500 36
131.7500 36
132.4000 36
132.9000 36
133.2000 36
133.9000 36
134.2000 36
134.5000 36
134.7000 36
135.3000 36
135.6500 36
136.2000 36
136.8500 36
137.5000 36
137.8000 36
