0.5500 0
1.1500 1
1.4000 1
2.0000 1
2.3000 2
2.7500 2
3.0000 2
3.3000 2
3.9500 2
4.3500 2
4.7000 5
5.1500 6
5.7500 6
6.0500 7
6.6000 7
7.2000 7
7.6500 8
8.1500 9
8.5500 10
9.1500 10
9.8000 10
10.3500 10
10.5500 10
11.0000 10
11.5000 12
12.0500 12
12.7000 14
13.3500 14
13.6500 14
13.8500 14
14.2500 14
14.5500 14
14.9000 14
15.3500 14
15.6500 16
16.2500 17
16.5500 17
16.8000 17
17.2500 17
17.6500 17
17.9000 17
18.2000 17
18.6000 18
19.1500 18
19.8000 18
20.4500 18
21.0500 19
21.6000 19
22.0000 20
22.5000 20
23.1500 20
23.8000 21
24.3000 22
24.9500 22
25.2500 22
25.6500 22
26.3000 22
26.5500 22
27.1500 22
27.6500 25
28.0000 25
28.3000 25
28.8500 25
29.2000 25
29.7000 25
30.0500 25
30.6500 25
30.9000 26
31.5500 26
31.9500 26
32.5000 26
33.1500 26
33.5500 26
33.9500 27
34.6000 27
35.2500 27
35.9000 27
36.3000 27
36.9000 27
37.5500 27
37.8500 27
38.5000 27
39.0000 28
39.6000 28
40.1000 29
40.3500 29
40.6500 29
40.9000 29
41.5500 29
42.2500 29
42.5500 29
43.2000 30
43.6500 31
44.0000 31
44.6500 31
45.0000 31
45.6500 31
46.3000 31
46.5500 31
47.1500 31
47.5000 31
47.9500 31
48.6000 31
49.2000 32
49.8500 33
50.2000 33
50.3500 33
50.7000 33
51.1000 33
51.4500 33
51.7000 33
52.3500 34
52.7000 35
53.1000 35
53.7500 36
54.4500 36
54.9500 36
55.2500 36
55.7500 36
56.4000 36
56.8000 36
57.4500 37
58.0000 37
58.4500 39
59.1000 39
59.4500 39
59.8000 39
60.3000 39