0.5500 0
0.9000 1
1.4500 1
1.9500 1
2.5500 2
3.2000 2
3.5000 2
3.9500 2
4.6000 3
5.2000 6
5.8500 6
6.4500 7
7.0500 7
7.6500 8
8.2500 9
8.5500 10
9.1000 10
9.7500 10
10.3500 10
10.9000 10
11.5000 12
12.1500 12
12.8000 13
13.4000 13
13.8000 13
14.2500 13
14.4500 13
14.9000 13
15.3000 13
15.9000 16
16.5500 16
17.1500 16
17.7000 16
18.3500 16
18.6500 17
19.1500 17
19.6000 18
20.0000 18
20.2000 19
20.8000 19
21.4500 19
21.8500 19
22.5000 19
23.1500 21
23.7500 22
24.4000 22
25.0000 22
25.6500 22
26.0500 23
26.7000 23
26.9500 23
27.6000 24
28.2500 25
28.5500 25
29.2000 25
29.5500 25
29.9000 25
30.5500 25
30.9500 25
31.6000 25
32.2500 25
32.9000 26
33.5500 27
34.2000 27
34.3500 27
35.0000 27
35.6500 27
36.3000 27
36.9500 28
37.6000 28
38.2500 28
38.9000 28
39.5500 28
40.1000 28
40.7000 28
41.3500 28
41.9000 29
42.5500 29
43.2000 29
43.6000 29
44.2500 31
44.9000 31
45.5500 31
46.2000 31
46.8500 32
47.5000 32
48.1000 32
48.7000 32
49.3500 33
50.0000 33
50.6500 33
51.3000 34
51.5000 34
52.0500 34
52.7500 34
53.4000 36
53.9000 36
54.5500 36
55.2000 36
55.6500 36
56.3500 36
57.0000 36
57.3000 36
58.0000 36
58.4000 36
59.0500 36
59.7500 36
60.4000 36