0.6000 0
1.2000 1
1.7500 2
2.4000 4
3.0000 4
3.6000 4
4.2000 4
4.8500 7
5.4500 7
6.1000 9
6.4000 9
7.0500 9
7.3000 10
7.8000 11
8.4500 11
8.8500 12
9.0500 12
9.7000 14
9.9500 14
10.3000 14
10.9500 14
11.6000 14
12.0000 14
12.3500 16
12.9000 16
13.3000 16
13.9500 16
14.6000 16
15.0500 16
15.6000 17
16.2000 17
16.7000 18
17.3000 18
17.9500 18
18.6000 19
19.2000 21
19.6000 22
19.8500 22
20.3000 23
20.5000 23
21.1500 23
21.4000 24
22.0500 25
22.7000 25
23.3500 25
23.7000 25
24.3500 25
25.0000 26
25.6000 26
26.2500 27
26.9000 28
27.5500 28
28.2000 28
28.8000 28
29.3000 29
29.9500 29
30.6000 29
31.2500 30
31.5500 30
32.2000 30
32.3500 30
32.6500 31
33.3000 31
33.4500 31
34.1000 32
34.7500 32
35.0000 32
35.5000 32
35.9500 32
36.3500 32
37.0000 32
37.6500 33
38.0500 33
38.3500 33
39.0000 33
39.7000 33
40.3000 33
40.5000 34
41.1500 34
41.8500 34
42.5000 34
43.1500 34
43.6000 35
43.9000 35
44.5500 35
45.2000 35
45.9000 35
46.5500 35
47.2000 35
47.9000 35
48.5500 35
49.2000 35
49.9000 35
50.5500 35
50.9500 35
51.4000 35
52.0500 35
52.4500 35
52.7500 35
53.4500 35
54.1000 35
54.7500 35
55.4000 35
56.1000 35
56.5500 35
57.2000 35
57.9000 36
58.3000 36
58.9500 36
59.1500 36
59.3500 36
59.7000 36
60.1500 36
60.8000 37
61.2500 37
61.9000 37
62.5500 37
63.2500 37
63.5500 37
64.0500 37
64.7000 37
64.9500 38
65.3500 38
65.5500 38
66.2000 38
66.8500 38
67.1000 38
67.3000 38
67.7000 38
68.3500 38
68.7500 38
69.4000 38
70.0000 38
70.4000 38
71.0500 38
71.3000 38
71.9500 38
72.2500 38
72.9500 38
73.1500 38
73.8000 38
74.5000 38
75.1500 38
75.5500 38
75.8000 38
76.4500 38
77.1500 38
77.5000 38
78.2000 38
78.8500 38
79.5500 38
79.7500 38
79.8500 38
80.5500 38
81.2000 38
81.8500 38
82.3500 38
82.7000 38
83.3500 38
84.0000 38
84.2000 38
84.6000 38
85.2500 38
85.7500 38
86.4500 38
86.9500 38
87.6500 38
88.2000 38
88.5000 38
88.7500 38
89.0000 38
89.7000 38
90.1000 38
90.8000 38
91.4500 38
92.1000 38
92.8000 38
93.1000 38
93.7500 38
94.2000 38
94.5500 38
95.2000 38
95.9000 38
96.2500 38
96.9500 38
97.3000 38
97.9500 38
98.0500 38
98.4000 38
99.0500 38
99.5000 38
100.1500 38
100.7500 38
101.2500 38
101.8000 38
102.4500 38
103.1000 38
103.7500 38
104.2000 38
104.5500 38
104.9500 38
105.6500 38
106.2500 38
106.9000 38
107.6000 38
108.1000 38
108.3500 38
108.9000 38
109.5500 38
110.0500 38
110.4500 38
110.9500 38
111.2500 38
111.9000 38
112.3000 38
112.9000 38
113.1500 38
113.3500 38
114.0000 38
114.7000 38
115.1000 38
115.7500 38
116.0500 38
116.7000 38
117.3000 38
117.8000 38
117.9000 38
118.3500 38
119.0000 38
119.5500 38
120.0000 38
120.6500 38
121.1500 38
121.7500 38
122.1500 38
122.8000 38
123.3000 38
123.9500 38
124.3000 38
124.9500 38
125.4000 38
126.1000 38
126.6000 38
126.9500 38
127.4500 38
128.1000 38
128.7500 38
128.9500 29
