0.3000 0
0.7000 0
1.1500 1
1.6000 2
2.2000 3
2.8000 4
3.2000 4
3.5500 4
4.0000 4
4.6500 5
5.2500 7
5.8500 8
5.9500 8
6.4000 9
6.8000 9
7.1500 9
7.8000 10
8.4000 10
9.0000 10
9.3000 12
9.9000 13
10.2500 14
10.6500 14
11.0000 14
11.4000 14
11.8500 14
12.4500 15
13.1000 15
13.4000 15
13.7500 15
14.4000 15
14.9500 15
15.6000 15
15.9500 15
16.6000 15
17.2000 16
17.5500 16
18.0500 17
18.2000 17
18.8000 17
19.2000 17
19.3500 17
19.7000 18
20.3500 19
20.6500 19
20.8500 19
21.4500 19
21.9500 19
22.6000 20
23.1500 21
23.8000 22
24.4000 22
24.8000 23
25.3500 23
26.0000 23
26.4500 23
26.7500 24
27.2000 24
27.4500 24
27.9500 24
28.3500 24
28.8500 24
29.2000 25
29.8500 25
30.2500 27
30.9000 29
31.4000 29
31.8500 29
32.1500 29
32.6000 29
32.9000 29
33.4500 29
34.1000 30
34.2500 31
34.6000 33
35.0500 33
35.2000 33
35.6000 33
36.0000 33
36.3000 33
36.8500 34
37.3500 34
37.6500 35
38.2000 36
38.5500 36
38.8000 36
39.4500 36
40.0500 36
40.5000 37
41.1000 37
41.7500 37
42.0000 37
42.5500 37
43.2000 38
43.9000 38
44.2500 38
44.5500 38
45.2000 38
45.7000 38
46.0500 38
46.7500 38
47.0500 38
47.5000 38
48.1000 38
48.5000 38
49.2000 38
49.6500 38
50.0000 38
50.6500 38
51.1500 39
51.7500 39
51.9000 39
52.2500 39
52.9500 40
53.3000 40
53.9000 40
54.3000 40
54.6000 40
55.0000 40
55.4500 40
56.1000 40
56.6500 40
56.9500 40
57.4500 40
57.9000 40
58.4000 40
58.9500 40
59.1000 40
59.4000 40
59.6500 40
60.3000 40
60.4500 40
60.8500 40
61.4000 40
62.0000 40
62.3500 40
62.6000 40
62.8000 40
63.0000 40
63.6500 40
63.9500 40
64.4500 40
65.0000 40
65.2000 40
65.4000 40
66.0500 40
66.5500 40
67.0500 40
67.7500 40
67.9500 40
68.3500 40
68.7000 40
69.0000 40
69.4000 40
69.6500 40
70.0500 40
70.5000 40
71.0500 40
71.3000 40
71.7000 40
72.2000 40
72.7000 40
73.1500 40
73.8000 40
74.0500 40
74.3500 40
74.8500 40
75.2500 40
75.8000 40
76.1000 40
76.4000 40
76.8000 40
77.4500 40
78.1500 40
78.5000 40
79.0000 40
79.2500 40
79.7000 40
79.9000 40
80.6000 40
81.1000 40
81.3500 40
81.7000 40
82.3500 40
83.0000 40
83.3500 40
83.9500 40
84.3000 40
84.9500 40
85.5500 40
85.9000 40
86.1500 40
86.6000 40
87.1000 40
87.3500 40
87.7500 40
88.4000 40
89.1000 40
89.3500 40
89.6000 40
90.0000 40
90.3500 40
90.5500 40
91.1500 40
91.4500 40
92.1000 40
92.6500 40
92.8500 40
93.3500 40
94.0000 40
94.1500 40
94.3000 40
94.6000 40
94.7500 40
94.9500 40
95.6500 40
96.0000 40
96.4500 40
96.9500 40
97.6000 40
98.3000 40
98.7000 40
98.9500 40
99.5000 40
99.9500 40
100.5500 40
100.9000 40
101.0500 40
101.7000 40
102.0000 40
102.6500 40
103.3500 40
103.7500 40
104.4500 40
104.8500 40
105.3000 40
105.8000 40
106.3000 40
107.0000 40
107.4500 40
107.8500 40
108.2500 40
108.5500 40
109.0000 40
109.6500 40
110.1500 40
110.5500 40
110.9500 40
111.6500 40
112.3000 40
112.9500 40
113.1500 40
113.5500 40
114.0500 40
114.4000 40
114.8000 40
115.4500 40
116.0500 40
116.2500 40
116.5000 40
117.1500 40
117.8500 40
118.4500 40
118.8000 40
119.1500 40
119.6500 40
120.3000 40
120.8500 40
121.5500 40
121.8000 40
122.0000 40
122.4500 40
123.1500 40
123.8000 40
124.4500 40
124.9000 40
125.5500 40
126.2500 40
126.5000 40
127.0000 40
127.6500 40
128.2000 40
128.5500 40
129.2500 40
129.6500 40
130.3000 40
130.8000 40
131.1500 40
131.5500 40
132.2000 40
132.5500 40
132.8000 40
133.4500 40
133.9000 40
134.3000 40
134.9500 40
135.6500 40
135.8500 40
136.1500 40
136.6500 40
137.1000 40
137.4500 40
138.1000 40
138.8000 40
139.4500 40
139.7500 40
140.4000 40
140.5500 40
141.0000 40
141.6500 40
142.3500 40
142.6500 40
142.9500 40
143.4000 40
143.8000 40
144.0500 40
144.7000 40
145.3500 40
145.6000 40
146.2000 40
146.5500 40
146.7000 40
147.3500 40
147.8000 40
148.0500 40
148.5000 40
148.9000 40
149.3000 40
149.6500 40
150.1500 40
150.8000 40
150.9000 40
151.5500 40
152.0000 40
152.6500 40
153.2000 40
153.8500 40
154.4500 40
154.9500 40
155.6000 40
156.2000 40
156.8500 40
157.3500 40
157.9500 40
158.6000 40
158.9500 40
159.5500 40
160.0000 40
160.6500 40
160.9000 40
161.5500 40
162.2000 40
162.7000 40
163.0000 40
163.3000 40
163.9500 40
164.5500 40
164.8500 34
