0.4000 0
0.8000 0
1.4000 0
1.8000 0
2.4000 0
2.7000 0
2.9500 0
3.5500 0
4.1500 2
4.5000 3
5.1500 3
5.7500 3
6.4000 4
6.9000 5
7.5000 5
8.1500 6
8.7500 6
9.3500 9
10.0000 9
10.6000 9
11.1500 9
11.3500 9
11.9500 10
12.6000 11
13.1000 12
13.6000 12
14.2000 13
14.8500 13
15.4000 14
15.7500 14
16.4000 15
16.5000 15
17.1000 15
17.7500 16
18.0500 16
18.4500 16
18.7000 16
19.2500 16
19.7500 16
20.1000 17
20.7000 18
21.3500 19
21.5000 20
22.1500 20
22.8000 20
23.0500 20
23.7000 20
24.3500 20
25.0000 22
25.6500 22
25.8500 22
26.4500 22
27.1000 22
27.7500 22
28.3500 22
29.0000 24
29.2500 24
29.9000 24
30.5500 25
30.9000 25
31.1000 25
31.4500 25
31.8000 25
32.4500 25
33.1000 26
33.6000 26
34.2500 26
34.9000 27
35.4500 28
35.7000 28
35.9500 28
36.3500 28
36.8500 28
37.1500 28
37.7000 29
38.2000 31
38.9000 31
39.5500 31
39.8500 31
40.2500 31
40.5000 32
40.8500 32
41.1000 32
41.5500 32
41.9500 32
42.2500 32
42.6000 32
43.2500 32
43.5500 33
44.2000 33
44.9000 34
45.5500 34
45.9500 34
46.4500 34
46.9500 34
47.4000 34
47.7000 34
48.4000 35
48.8000 35
49.4500 35
50.1000 37
50.7500 37
50.9500 37
51.6000 37
52.2500 37
52.9500 38
53.6000 38
54.2000 38
54.6500 38
55.3500 38
56.0000 38
56.7000 38
57.3500 38
58.0500 38
58.7000 38
59.4000 38
60.0500 38