0.6000 0
1.2000 1
1.8000 1
1.9500 2
2.2500 2
2.8500 3
3.4500 3
4.1000 3
4.5000 4
5.1000 7
5.7500 7
5.8000 7
6.4500 7
6.8500 7
7.4500 8
8.0500 9
8.5500 10
8.8500 11
9.0500 11
9.7000 11
10.3500 11
10.9500 11
11.2000 12
11.4000 13
12.0500 13
12.3500 13
12.9500 14
13.3000 14
13.5500 14
14.1000 14
14.7500 14
15.1500 14
15.7000 17
16.3500 18
16.8000 18
17.4500 18
18.0500 18
18.3500 19
18.8000 20
19.3000 20
19.7500 20
20.2000 20
20.8500 20
21.4500 22
21.7500 22
22.4000 23
23.0500 23
23.5000 25
23.9500 25
24.5000 25
24.9000 26
25.4000 26
25.8000 26
26.4500 26
27.1000 26
27.7500 27
28.4000 27
29.0500 27
29.7000 28
30.3500 28
30.5000 28
31.1500 28
31.6000 28
32.1500 28
32.8000 28
33.0500 28
33.7000 28
34.1500 29
34.6500 29
35.2000 30
35.6500 31
36.0500 31
36.6500 32
37.3000 32
38.0000 32
38.6500 32
39.3000 32
39.6500 32
40.0500 33
40.4000 34
41.0500 34
41.7000 34
42.2500 34
42.6500 35
43.3000 35
44.0000 35
44.4500 36
45.0500 36
45.7000 36
46.3000 36
46.6000 36
47.2500 36
47.9000 36
48.5500 37
49.2000 37
49.6500 38
50.3500 38
51.0000 38
51.2500 38
51.7500 38
52.3500 38
53.0500 38
53.7000 38
54.0500 38
54.7000 38
55.3500 38
56.0500 38
56.7000 38
57.4000 38
58.0500 38
58.5500 38
59.1000 38
59.7500 38
60.4000 38