0.1000 0
0.5000 0
0.8000 1
1.0500 1
1.5500 2
1.9500 3
2.3500 4
2.6000 4
3.1000 4
3.4500 4
3.9000 4
4.4500 4
4.8000 6
5.3000 8
5.7500 8
6.2000 9
6.8500 9
7.3000 10
7.7500 11
8.3500 11
8.8000 11
9.4000 11
10.0500 14
10.7000 14
10.9000 14
11.3000 14
11.6000 14
12.1500 14
12.8000 15
13.4500 16
13.9500 16
14.5500 16
14.8500 16
15.5000 16
16.1500 17
16.6000 18
17.2000 18
17.6000 18
17.9500 18
18.6000 18
19.2000 19
19.7500 19
20.2500 19
20.9000 20
21.5000 20
22.1000 21
22.7500 21
23.0000 22
23.4500 22
23.9500 23
24.6000 23
24.9000 23
25.4000 24
25.6500 25
25.9500 25
26.5500 25
26.8500 26
27.5000 26
28.0000 26
28.4000 27
29.0500 28
29.5000 28
30.1500 28
30.4500 30
30.6500 30
30.9500 30
31.6000 30
32.1000 31
32.4500 31
33.1000 32
33.5000 32
33.7500 32
34.3500 32
35.0000 33
35.3000 33
35.9500 33
36.6000 33
37.0500 34
37.7000 34
38.4000 34
39.0500 35
39.7000 35
40.3000 35
40.9500 35
41.6000 35
42.3000 35
42.9500 35
43.5500 35
43.8500 35
44.5000 36
45.2000 36
45.8500 36
46.3500 37
46.5000 37
47.1500 37
47.8000 37
48.5000 37
48.8000 37
49.0000 37
49.7000 37
50.3500 37
50.5500 37
51.0500 37
51.7000 37
52.1000 37
52.7500 37
53.4000 37
53.7000 37
54.3500 37
55.0000 38
55.7000 38
56.2000 38
56.7000 38
57.4000 38
57.8500 38
58.3500 38
58.9000 38
59.2000 38
59.8500 38
60.3000 38