0.3000 0
0.7000 0
1.3000 0
1.6500 0
2.0000 0
2.3500 0
2.9500 0
3.2500 0
3.8500 1
4.4500 2
4.9500 2
5.4500 3
5.8000 4
6.2500 5
6.8500 5
7.2500 5
7.8500 6
8.5000 7
9.1000 8
9.7500 9
10.3500 10
10.7000 10
11.3000 10
11.9000 10
12.1500 11
12.8000 13
13.4500 14
14.0500 15
14.6500 15
15.0500 15
15.3000 15
15.9500 15
16.6000 16
16.8500 16
17.5000 17
18.1500 17
18.6000 17
19.2500 17
19.8000 19
20.0000 19
20.4500 19
21.1000 19
21.7000 20
22.3500 21
23.0000 21
23.6500 21
24.3000 21
24.9500 22
25.6000 24
26.2500 24
26.5500 24
27.2000 25
27.7000 25
28.3000 25
29.0000 26
29.6500 26
30.3000 26
30.5500 27
31.2000 27
31.7500 27
32.2500 27
32.9000 27
33.5500 27
33.9000 28
34.5500 28
35.2000 28
35.8500 28
36.5000 28
36.8000 29
37.2500 29
37.4500 29
38.0500 29
38.3000 29
38.9500 29
39.2000 29
39.8500 29
40.5000 29
41.0000 30
41.2500 30
41.7500 30
42.4000 31
42.8500 31
43.3500 31
43.9500 31
44.6000 32
45.2500 32
45.9500 33
46.6000 33
47.2500 33
47.7500 33
48.4500 34
49.1000 35
49.5500 35
50.2500 35
50.3500 35
51.0000 35
51.6500 35
51.9000 36
52.5500 36
53.2000 36
53.7000 36
54.3500 36
55.0000 36
55.3000 36
55.7000 36
56.4000 36
57.0500 36
57.1500 36
57.4000 36
57.5500 36
58.0000 36
58.4000 36
59.0500 36
59.7000 36
60.4000 36
61.0500 36
61.4000 36
61.6500 36
62.3500 36
62.5500 36
63.1000 36
63.8000 36
64.1500 36
64.7500 36
65.4000 36
66.0500 36
66.7000 36
67.3500 36
67.9500 36
68.6000 36
69.2500 36
69.7000 36
70.2000 36
70.7000 36
71.0000 36
71.3500 36
71.7500 36
72.0500 36
72.6000 36
73.0500 36
73.6500 36
74.1500 36
74.8000 36
75.1000 36
75.7500 36
76.4000 36
76.7500 36
76.8500 36
77.4500 36
78.1000 36
78.8000 36
79.4500 36
80.1000 36
80.7500 36
81.3000 36
81.9500 36
82.4000 36
82.6500 36
83.3000 36
84.0000 36
84.4000 36
85.1000 36
85.6500 36
86.1000 36
86.5500 36
87.2500 36
87.6000 36
87.8500 36
88.5000 36
88.7500 36
89.2000 36
89.3500 36
89.9500 36
90.6000 36
90.8500 36
91.1500 36
91.5500 36
92.2000 36
92.6500 36
92.8500 36
93.4500 36
94.1000 36
94.8000 36
95.4500 36
95.8000 36
96.1500 36
96.4000 36
96.9000 36
97.5500 36
98.2000 36
98.9000 36
99.1500 36
99.8000 36
100.2000 36
100.9000 36
101.5500 36
102.0500 36
102.7500 36
102.9500 36
103.6000 36
104.3000 36
104.8000 36
105.2000 36
105.7500 36
106.1500 36
106.6500 36
107.3000 36
107.6000 36
108.2500 36
108.4500 36
109.1500 36
109.6500 36
109.7500 36
110.2500 36
110.9000 36
111.4500 36
111.9500 36
112.2000 36
112.8500 36
113.4500 36
114.1000 36
114.7500 36
115.4000 36
115.9000 36
116.5500 36
117.0500 36
117.7000 36
118.3500 36
118.7500 36
119.4000 36
120.0500 36
120.6000 36
121.1000 36
121.5000 36
122.1500 36
122.8500 36
123.4500 36
124.1000 36
124.8000 36
125.1500 36
125.5000 36
125.9500 36
126.6500 36
127.1000 36
127.7500 36
128.4500 36
129.0500 36
129.3500 36
129.6500 36
130.1500 36
130.7500 36
131.4000 36
132.0500 36
132.6000 36
133.2500 36
133.7000 36
134.0500 36
134.5000 36
135.0000 36
135.5000 36
136.2000 36
136.4500 36
