0.3000 0
0.9000 0
1.5000 2
2.1500 3
2.7500 4
3.0500 4
3.6500 4
4.0500 4
4.4000 5
4.8000 6
5.4000 7
5.8000 7
6.4000 9
6.7000 9
7.1000 9
7.6000 10
8.1500 11
8.4500 12
8.8500 12
9.2000 13
9.8500 15
10.5000 15
11.1000 15
11.7500 15
12.0000 15
12.6000 17
13.2000 17
13.6000 17
14.0500 17
14.6000 17
15.2000 17
15.6000 19
16.0000 19
16.3000 19
16.9500 19
17.4000 19
17.7500 19
18.3500 19
18.9500 21
19.0500 21
19.5000 21
19.9000 22
20.5500 22
21.1500 23
21.7500 24
22.3500 24
23.0000 24
23.4000 25
23.8000 25
24.4500 25
25.0500 25
25.7000 26
26.4000 27
26.7500 27
27.1000 27
27.4500 28
28.1000 28
28.4000 28
28.7500 28
29.0000 28
29.1500 28
29.8000 28
30.1500 28
30.6000 28
31.2500 28
31.5000 28
31.9000 28
32.2500 28
32.6000 28
33.2500 28
33.9000 28
34.4000 28
35.0000 28
35.6500 28
36.3000 29
36.8500 29
37.5000 30
38.1500 30
38.8000 30
39.0000 31
39.3000 31
40.0000 31
40.3500 31
40.7500 31
41.4000 32
41.8500 33
42.3500 33
43.0000 33
43.5000 33
44.1500 33
44.7500 33
45.4000 33
45.9500 33
46.3000 34
46.9500 35
47.2000 35
47.8500 35
48.5000 36
49.1500 36
49.6000 36
49.9500 36
50.6500 37
51.0500 37
51.7000 38
52.2000 38
52.3500 38
52.9500 38
53.6000 38
54.2500 38
54.7500 38
55.2500 38
55.5500 38
56.2500 38
56.9000 38
57.3500 38
57.6500 38
58.0000 38
58.4500 38
58.8500 38
59.0500 38
59.5000 38
59.6500 38
60.3000 38
60.7000 38
60.8500 38
61.2000 38
61.5500 38
61.8500 38
62.4500 38
63.1000 38
63.5500 38
64.1500 38
64.8000 38
65.1500 38
65.6000 38
66.2500 38
66.9000 38
67.5500 38
68.2000 38
68.8500 38
69.5000 38
70.0500 38
70.7000 38
71.4000 38
72.0500 38
72.7000 38
73.4000 38
74.0500 38
74.4500 38
74.8000 38
75.5000 38
75.7500 38
76.2000 38
76.8000 38
77.4500 38
77.7000 38
78.0500 38
78.6000 38
78.9500 38
79.6000 38
80.2500 38
80.5500 38
81.1000 38
81.7500 38
82.3000 38
82.7500 38
83.4000 38
83.7000 38
83.8500 38
84.2500 38
84.8500 38
85.5000 38
86.0000 38
86.4500 38
87.1000 38
87.4000 38
88.0500 38
88.2000 38
88.9000 38
89.5500 38
90.2500 38
90.9000 38
91.5500 38
92.2500 38
92.3500 38
92.8500 38
93.2000 38
93.8500 38
94.4000 38
95.0500 38
95.4500 38
95.8000 38
96.3000 38
96.5500 38
97.0000 38
97.2000 38
97.9000 38
98.4000 38
98.5500 38
99.0500 38
99.5500 38
100.1000 38
100.4500 38
100.7500 38
100.9000 38
101.5000 38
101.9000 38
102.3500 38
102.9500 38
103.4500 38
103.9500 38
104.3500 38
105.0000 38
105.3500 38
105.5000 38
106.1500 38
106.4000 38
106.6000 38
107.1000 38
107.7000 38
108.0500 38
108.7500 38
109.4000 38
109.8500 38
110.3500 38
110.8000 38
111.4500 38
112.1500 38
112.7000 38
113.4000 38
113.6000 38
114.1000 38
114.5000 38
114.8000 38
115.3000 38
115.9500 38
116.6000 38
117.3000 38
117.8000 38
118.4500 38
119.1500 38
119.8000 38
120.4500 38
121.1000 38
121.4500 38
122.0000 38
122.3500 38
122.5000 38
123.2000 38
123.8500 38
124.4000 38
124.7500 38
125.3000 38
125.9500 38
126.4000 38
126.5500 38
127.2500 38
127.8000 38
128.1000 38
128.7000 38
129.1000 38
129.4000 38
129.7000 38
130.3500 38
130.7500 38
130.9000 38
131.2000 38
131.9000 38
132.5500 38
132.7500 38
133.4000 38
133.9000 38
134.2000 38
134.9000 38
135.5500 38
136.2000 38
136.4500 38
136.6500 38
137.0500 38
137.4500 38
137.8500 38
138.3000 38
138.6000 38
139.1500 38
139.7500 38
140.3000 38
140.9500 38
141.4500 38
142.1500 38
142.8000 38
143.4500 38
143.7500 38
144.1000 38
144.3500 38
144.5500 38
144.9500 38
145.2500 38
145.9500 38
146.6000 38
147.0500 38
147.7000 38
148.0000 38
148.7000 38
149.3000 38
149.7000 38
150.3500 38
151.0000 38
151.7000 38
152.3500 38
152.8000 38
153.4500 38
154.1000 38
154.5500 38
154.9000 38
155.4500 38
155.9000 38
156.5000 38
157.0500 38
157.5500 38
158.2500 38
158.9000 38
159.1500 31
