0.2000 0
0.3500 0
0.6000 0
1.1500 1
1.5000 1
1.8000 1
2.0500 1
2.4500 3
2.6500 3
2.9500 3
3.4000 3
3.7500 3
4.2500 3
4.7000 5
4.9000 7
5.4500 7
5.9000 7
6.4000 7
6.7500 7
7.0500 7
7.2500 8
7.6000 8
8.1000 9
8.2500 9
8.5000 10
8.8500 11
9.3000 11
9.8000 11
10.2500 11
10.9000 11
11.3000 12
11.7000 13
12.1500 13
12.5500 13
12.9000 15
13.5500 15
13.9500 15
14.2000 15
14.5500 15
15.2000 15
15.5500 17
16.0000 18
16.6000 18
16.9500 18
17.4500 18
17.6500 18
17.9000 18
18.2000 18
18.5500 20
18.7500 20
19.3500 20
19.6000 20
19.8000 20
20.2500 20
20.9000 21
21.5500 22
21.9500 22
22.3500 24
22.6000 25
23.0000 25
23.3500 25
23.8500 25
24.1000 25
24.3000 25
24.6500 25
24.8500 25
25.1000 25
25.5000 26
26.0500 26
26.5500 26
26.7000 27
27.3500 27
27.6500 27
27.9500 27
28.5500 28
29.1500 28
29.8000 28
30.0500 28
30.5500 28
30.8000 28
31.2000 28
31.7000 28
32.1000 29
32.4000 29
32.7000 30
33.1000 30
33.5000 30
33.8000 30
34.2500 31
34.6500 31
35.1500 31
35.3500 31
35.7000 32
36.1000 33
36.5500 33
37.2000 33
37.6000 33
37.9000 33
38.1000 33
38.4500 33
38.7500 33
38.9500 33
39.4000 33
39.7500 35
40.0500 35
40.4500 35
40.7500 35
41.1500 35
41.4500 35
41.7500 35
42.1500 35
42.7000 35
43.0000 35
43.2500 35
43.9000 35
44.5500 35
44.9500 36
45.2000 36
45.5500 36
45.8000 36
46.4500 36
46.8000 36
47.4000 36
47.8000 37
48.1500 37
48.5000 37
48.7000 37
49.0500 37
49.6000 37
49.9000 38
50.0500 38
50.6500 38
51.2500 38
51.6500 38
52.0000 38
52.2500 38
52.5000 39
52.7500 39
53.2000 39
53.6500 39
53.9500 39
54.1000 39
54.7000 39
55.0500 39
55.5500 39
55.9000 39
56.2000 39
56.4500 39
56.7500 39
57.2500 39
57.6000 39
57.9500 39
58.4000 39
58.9000 39
59.0500 39
59.7000 39
60.1500 39