0.6000 0
1.2000 0
1.8000 0
2.0000 0
2.1500 0
2.8000 1
3.4000 1
4.0000 1
4.6500 3
5.2500 3
5.9000 4
6.5000 5
7.1000 6
7.7500 6
7.9500 8
8.5500 8
9.1500 8
9.8000 10
9.9000 10
10.5000 10
11.1000 11
11.7500 12
12.3500 13
13.0000 15
13.3000 15
13.7000 15
14.0500 16
14.7000 16
15.0000 17
15.6500 18
16.2500 18
16.6000 19
17.1000 19
17.4000 19
17.7000 19
18.2000 19
18.8500 19
19.2500 20
19.6000 20
19.9000 21
20.1500 21
20.6500 22
20.9500 22
21.2500 22
21.9000 22
22.5500 23
23.2000 24
23.6000 24
24.2500 24
24.8500 24
25.1000 24
25.7500 24
26.4000 24
26.8000 24
27.1000 24
27.7500 25
28.3000 25
28.8500 26
29.4000 27
29.8000 27
30.4500 27
31.0000 27
31.3000 27
31.4500 27
31.9500 28
32.4500 28
33.1000 29
33.6500 29
34.1000 30
34.6500 30
35.3000 30
35.4500 30
36.0000 31
36.3000 32
36.9500 32
37.6000 33
37.9000 33
38.2000 34
38.7500 34
38.9500 34
39.4000 34
39.9000 35
40.3000 35
40.9500 35
41.6500 35
42.0000 35
42.6500 35
43.0000 35
43.3000 36
43.9500 36
44.3500 36
44.8500 36
45.2000 36
45.8000 36
46.3000 36
46.9500 37
47.4000 38
48.0500 38
48.3000 38
49.0000 38
49.6500 38
50.2000 38
50.3500 38
50.9500 38
51.2500 38
51.7000 38
52.3000 38
52.7000 38
52.9000 38
53.6000 38
53.8500 38
54.4500 38
54.9000 38
55.3000 38
55.7000 38
56.2000 38
56.7500 38
57.4000 38
58.0500 38
58.5000 39
59.1000 39
59.4000 39
59.9000 39
60.5500 39