0.0500 0
0.6500 0
1.2500 1
1.8500 1
2.4500 1
3.0500 2
3.6500 2
4.2500 2
4.7000 4
5.3000 6
5.9000 6
6.5500 7
6.7000 7
7.2000 8
7.8000 8
8.3500 9
8.7500 10
9.2000 10
9.8000 10
10.2000 10
10.8000 10
11.4500 12
12.0000 12
12.6000 12
12.6500 13
13.2500 13
13.6500 13
14.1000 13
14.4500 13
14.9500 13
15.2500 14
15.8500 16
16.2000 16
16.8000 16
17.4500 16
18.0500 16
18.6500 18
19.1000 18
19.4500 18
19.8500 18
20.5000 19
20.8000 21
21.0500 21
21.3500 21
21.7000 21
22.1500 21
22.6500 22
23.3000 22
23.6500 22
24.2500 23
24.8000 25
25.4000 25
26.1000 25
26.7000 25
27.3000 25
27.9500 25
28.6000 25
29.2500 25
29.9000 25
30.3500 25
30.8500 26
31.3000 26
31.5000 26
31.8500 26
32.5000 26
32.8500 26
33.5000 27
34.1500 27
34.8000 27
35.4500 27
35.9000 28
36.2500 28
36.6500 28
36.9500 28
37.6000 28
38.2500 28
38.9000 28
39.4500 28
40.1000 28
40.5500 28
40.9000 31
41.0500 31
41.4000 31
42.0000 31
42.7000 31
43.3500 31
44.0000 32
44.1000 33
44.7500 33
45.4000 33
45.6500 33
46.1000 33
46.5000 33
47.1500 33
47.3500 33
48.0000 33
48.7000 33
49.0000 33
49.6000 33
50.2500 34
50.9500 34
51.3000 34
51.9500 34
52.6500 34
53.3000 34
53.9500 34
54.6000 34
55.3000 35
55.9500 35
56.6000 35
57.3000 35
57.7500 35
58.4000 35
59.0500 35
59.7500 35
60.4000 35