0.4500 0
1.0000 0
1.6000 0
2.2000 0
2.8000 0
3.4000 0
4.0500 2
4.6500 2
5.2500 2
5.6000 3
6.1500 5
6.4500 5
7.1000 5
7.7000 5
8.1000 7
8.7000 7
9.0500 8
9.6000 8
10.2000 8
10.7000 9
10.8500 9
11.5000 9
11.9500 11
12.1500 11
12.5000 11
12.8000 12
13.1000 12
13.6000 12
13.9000 13
14.0500 13
14.3500 13
14.7000 14
15.1000 14
15.4500 15
15.7000 15
16.3500 15
17.0000 15
17.6000 15
18.2500 16
18.9000 17
19.5000 17
20.1500 17
20.8000 17
21.4500 17
22.1000 19
22.7000 19
23.0500 21
23.7000 21
23.8000 21
23.9000 21
24.5500 21
25.2000 21
25.6500 22
25.9000 22
26.1000 22
26.4500 22
26.8000 24
27.4500 24
27.9500 24
28.6000 24
29.2500 24
29.9000 25
30.5500 25
31.2000 26
31.8500 26
32.1500 26
32.8000 26
33.2000 26
33.7500 28
34.4000 28
35.0500 28
35.6500 28
36.3500 28
37.0000 28
37.6500 28
38.0500 29
38.5500 29
38.9500 29
39.1500 29
39.5500 29
39.8500 29
40.5000 29
41.1500 29
41.5500 29
41.9000 29
42.6000 29
42.8000 29
43.4500 29
44.1000 30
44.7000 30
45.3500 32
46.0000 32
46.7000 33
47.3500 33
47.7000 33
48.3500 34
48.7500 34
49.4500 35
49.8000 35
50.0000 35
50.5500 36
51.2500 37
51.5500 37
52.1500 37
52.4500 37
53.1000 38
53.4000 38
54.0500 39
54.7500 39
55.4000 39
56.1000 39
56.5000 39
57.1500 39
57.5000 40
58.1500 40
58.6000 40
59.0500 40
59.7500 40
60.2000 40