0.3500 0
0.6500 0
1.1500 0
1.4500 0
2.0000 0
2.6500 0
3.2000 0
3.8000 1
4.0000 2
4.6000 2
5.0500 2
5.6500 2
6.2500 4
6.8500 5
7.4500 5
8.1000 6
8.7000 7
9.3000 8
9.9500 8
10.5500 8
10.9000 8
11.5000 8
12.1000 10
12.7500 11
13.3500 12
13.6000 12
14.1000 13
14.7500 13
15.2500 13
15.8000 13
16.2000 13
16.8500 13
17.4500 14
18.0500 14
18.7000 14
18.9000 14
19.5000 14
20.1500 15
20.7500 15
21.4000 16
22.0500 16
22.2000 16
22.8500 16
23.4500 16
23.9000 19
24.2500 19
24.8500 19
25.3500 20
26.0000 20
26.4000 20
27.0500 20
27.7000 21
28.1500 22
28.8000 23
29.2000 23
29.5500 23
30.2000 23
30.8500 24
31.3000 24
31.9500 24
32.6000 24
32.8500 24
33.1500 24
33.8000 25
34.4500 26
35.1000 26
35.5500 26
35.8000 27
36.1000 27
36.7500 27
37.4000 27
38.0500 28
38.5000 28
39.0000 28
39.3500 28
40.0000 28
40.3500 28
41.0000 29
41.6500 29
42.3000 29
42.7000 31
43.3500 31
44.0500 31
44.4000 31
45.0500 32
45.7000 32
46.3500 32
47.0000 32
47.6500 33
48.3000 33
48.4500 34
49.1500 35
49.5000 35
50.1500 36
50.5500 36
51.0500 36
51.4500 36
51.8500 36
52.4500 36
53.1000 37
53.8000 38
54.3500 38
55.0500 38
55.3000 38
55.7000 38
56.4000 38
57.0500 38
57.4500 38
57.7500 38
58.4500 38
58.8500 38
59.5500 38
60.2000 38