0.1500 0
0.5000 0
1.0000 1
1.0500 2
1.7000 2
1.9000 3
2.4000 4
3.0000 4
3.6000 4
3.9500 4
4.5500 4
4.9000 7
5.4000 7
5.7500 7
6.0500 9
6.2500 9
6.6500 9
6.9000 9
7.2500 10
7.5500 11
7.7500 11
8.1500 11
8.7500 12
9.1500 12
9.4000 12
9.9500 14
10.3000 14
10.9000 14
11.3500 15
11.4500 15
11.8500 15
12.3500 17
12.7500 17
13.1500 17
13.2500 17
13.6000 18
13.8500 18
14.1000 18
14.5500 18
14.8500 18
15.1000 18
15.5000 18
16.0000 18
16.3500 18
16.9500 19
17.2500 19
17.7500 19
18.0500 19
18.3500 19
18.6500 20
18.9000 20
19.5000 20
19.9500 20
20.6000 21
20.7500 22
21.1500 23
21.7000 23
22.1500 24
22.7500 25
23.2000 25
23.7000 25
24.2000 25
24.8000 26
25.1500 26
25.5500 26
25.8500 28
26.3500 29
26.6500 30
26.9500 30
27.3500 30
27.8500 31
28.4500 31
28.7500 31
29.0000 31
29.5000 31
30.1000 31
30.3000 31
30.9500 31
31.4000 34
32.0000 34
32.3000 34
32.6000 34
32.8000 34
33.2000 34
33.8000 35
34.3000 35
34.5500 35
34.9000 35
35.0000 35
35.3000 35
35.6500 35
36.3000 35
36.5500 35
37.0500 35
37.7500 35
38.4000 36
38.9500 36
39.3500 36
40.0000 36
40.4500 37
41.1000 38
41.4500 38
41.9000 38
42.5000 38
42.9000 38
43.5500 38
44.2500 39
44.9000 39
45.3000 39
46.0000 39
46.4000 39
46.7000 39
47.3500 39
48.0000 39
48.1500 39
48.3500 39
49.0000 39
49.3000 39
49.7500 39
50.1000 39
50.6000 39
51.2500 39
51.7000 39
52.3500 39
53.0500 39
53.4500 39
53.8000 39
54.4500 39
54.9500 39
55.3000 39
55.7000 39
56.3500 39
56.5500 39
57.0000 39
57.3500 39
57.7500 39
58.0500 39
58.3000 39
58.9500 39
59.2000 39
59.3500 39
59.7500 39
60.2000 39