0.2000 0
0.4500 0
0.8000 0
1.0500 1
1.4000 1
1.8500 1
2.0000 1
2.1000 1
2.5500 2
2.8000 2
3.1000 2
3.5000 3
3.6000 3
3.9500 3
4.3500 3
5.0000 3
5.6000 4
6.2500 5
6.6500 5
7.1000 6
7.7500 7
8.2500 9
8.8500 9
9.4500 9
9.9500 10
10.4500 11
10.9500 12
11.5500 13
12.0000 13
12.2500 13
12.8500 13
13.5000 15
14.1000 15
14.4000 16
14.8000 16
15.1000 17
15.3500 17
15.6500 17
16.0500 17
16.4000 18
16.7000 18
17.0000 18
17.6500 19
18.2000 19
18.7500 19
18.9500 19
19.3500 19
20.0000 20
20.6500 20
21.0500 21
21.2500 21
21.5000 21
22.0500 21
22.5500 21
22.8000 21
23.4500 21
23.8500 21
24.5000 22
25.1500 22
25.8000 23
26.4500 23
26.7000 23
27.3000 23
27.6500 23
27.8500 23
28.1500 23
28.6000 23
29.2500 23
29.7000 24
30.3500 24
30.9500 24
31.4000 24
31.7000 24
32.0000 24
32.3500 24
32.8000 24
33.4500 25
33.8500 26
34.2000 26
34.6000 26
34.8500 26
35.5000 26
35.6500 26
36.1000 26
36.6500 27
36.9000 27
37.3500 27
37.7000 27
38.0500 27
38.4500 27
38.8500 27
39.5000 27
40.1500 28
40.8000 28
41.1000 28
41.7000 28
42.3500 28
43.0000 28
43.6500 28
44.3000 28
44.8000 28
45.1000 28
45.5000 29
46.1000 29
46.7000 30
47.2500 30
47.5000 30
48.1500 30
48.6500 30
49.3000 30
49.6000 30
49.6500 30
50.3000 30
50.8000 31
51.1000 31
51.5000 31
52.1500 32
52.5500 32
53.2000 32
53.9000 33
54.5000 33
54.9000 34
55.5500 34
55.9000 34
56.5500 34
57.2500 35
57.7500 36
58.1000 36
58.8000 36
59.4500 36
60.0000 36