0.6000 0
1.2000 1
1.3500 1
1.9500 1
2.6000 2
3.2000 2
3.8000 3
4.4500 3
5.0500 4
5.5000 5
6.1000 5
6.6500 6
6.9500 6
7.6000 7
7.9500 9
8.5500 9
9.2000 9
9.8000 10
10.4500 10
11.0000 10
11.6500 10
12.2500 11
12.7000 11
13.0000 12
13.3000 12
13.9500 12
14.6000 14
15.1000 14
15.7500 14
16.4000 14
16.7500 15
17.3500 15
17.9000 15
18.3500 15
19.0000 16
19.6000 16
20.1500 17
20.5500 19
21.1500 19
21.8000 19
22.2500 19
22.9000 19
23.3000 20
23.7500 20
24.0500 20
24.5000 20
25.1500 20
25.8000 20
26.4500 20
26.8000 21
27.4500 21
27.9500 21
28.6000 22
28.8500 23
29.5000 23
30.1500 23
30.5000 23
31.0500 24
31.7000 25
32.3500 25
33.0000 25
33.6500 25
34.1500 25
34.4500 26
35.1000 26
35.7500 27
36.4000 27
36.9500 28
37.6000 28
38.2500 28
38.9000 29
39.3000 30
39.9500 31
40.6000 31
40.7500 31
41.1000 31
41.7500 31
42.4000 32
42.5500 32
43.2500 32
43.9000 33
44.2000 33
44.8500 33
45.4500 33
46.1000 34
46.7500 34
47.4000 34
48.0500 34
48.7000 34
49.2000 34
49.8500 34
50.4000 34
51.0500 34
51.3000 34
52.0000 35
52.6500 35
52.8000 35
53.4500 35
53.9000 35
54.3500 36
55.0000 37
55.6500 37
56.3000 37
57.0000 38
57.4500 38
57.8500 38
58.5500 38
59.0000 38
59.5000 38
60.0500 38