0.2500 0
0.5000 0
1.0000 1
1.3000 1
1.8000 1
2.4000 1
3.0000 2
3.4500 2
4.0500 3
4.3500 3
4.5000 4
4.9500 4
5.5500 5
6.1500 6
6.4500 6
6.7000 6
7.3500 6
7.5500 6
8.2000 7
8.6000 8
8.7500 8
9.3000 9
9.7000 10
10.2000 11
10.8500 11
11.2500 11
11.6500 11
11.9000 12
12.5500 12
12.8500 12
13.3500 12
13.9500 13
14.6000 13
14.8500 13
14.9500 13
15.5500 13
16.1500 13
16.4000 14
17.0000 15
17.3000 15
17.6000 15
18.0500 15
18.1000 15
18.4000 15
18.6500 15
18.8000 15
19.1500 17
19.8000 18
20.2500 18
20.5500 18
21.1000 18
21.6500 19
22.0500 19
22.5500 19
23.2000 20
23.8500 22
24.5000 22
24.8500 22
25.1000 22
25.4500 22
26.0000 22
26.3500 22
26.6000 22
27.1000 23
27.4500 23
28.1000 23
28.7500 24
29.4000 25
30.0500 25
30.6000 25
31.1000 27
31.7500 27
32.2000 28
32.4500 28
33.1000 29
33.2500 29
33.9000 29
34.5000 30
34.7500 30
35.1000 30
35.7500 30
36.4000 32
36.8000 32
37.4000 32
38.0500 33
38.4500 33
39.1000 33
39.4000 33
39.9500 34
40.4500 34
40.9500 34
41.4500 34
42.1000 34
42.7500 34
43.0000 34
43.5000 34
44.1500 34
44.8500 35
45.2500 35
45.8000 35
45.9500 36
46.6000 37
47.2500 37
47.7500 37
48.2000 37
48.5000 37
48.7000 37
49.3500 37
49.6000 38
49.9500 38
50.6000 38
51.0500 38
51.4000 38
51.8500 38
52.2000 38
52.8500 38
53.1500 38
53.8000 38
54.3500 38
54.7500 38
55.4000 39
55.8500 39
56.4000 39
56.7500 39
57.4000 39
57.8000 39
58.0500 39
58.7000 40
59.0500 40
59.5000 40
60.1000 40