0.2500 0
0.8000 0
1.1000 0
1.3500 0
1.9500 0
2.4500 0
3.0000 0
3.6000 1
3.8500 1
4.1000 2
4.6000 2
4.9000 2
5.5000 2
5.8500 3
6.3500 5
6.9000 5
7.2000 5
7.6000 6
8.2500 7
8.6000 7
9.0500 8
9.5500 8
10.0500 8
10.6000 8
11.2500 8
11.4500 9
12.0500 11
12.6500 12
12.9500 13
13.2000 13
13.8000 13
14.2000 13
14.8500 13
15.4500 14
15.8000 14
16.1500 15
16.8000 15
17.2500 15
17.8500 15
18.4000 16
19.0500 16
19.3500 16
19.5500 16
20.2000 16
20.8000 18
21.4000 19
22.0500 20
22.7000 20
23.2000 20
23.8000 20
24.4500 20
25.0000 22
25.6500 23
26.1000 23
26.4500 23
26.6000 23
27.1500 23
27.5500 24
28.2000 24
28.3000 25
28.7000 25
29.1000 26
29.2500 26
29.6000 26
30.2000 26
30.6500 27
31.3000 27
31.7000 27
31.8500 27
32.5000 28
33.1500 29
33.6000 29
33.8500 29
34.1500 29
34.8000 30
35.4500 30
35.9500 31
36.6000 31
36.9000 32
37.5500 32
37.7500 32
38.0500 32
38.4000 32
38.5500 32
39.2000 32
39.7500 33
40.3500 33
41.0000 33
41.3000 33
41.9500 35
42.6000 35
43.2500 35
43.9500 35
44.5500 35
45.1500 35
45.7500 35
46.4500 37
46.9500 38
47.4500 38
48.1000 38
48.6500 38
48.9000 38
49.3000 38
49.7500 38
50.0000 38
50.4500 38
51.1000 38
51.8000 38
52.1500 38
52.8000 38
53.5000 38
54.1000 38
54.2500 38
54.7000 38
55.3500 38
56.0000 40
56.4000 40
56.9000 40
57.5500 40
58.2000 40
58.9000 40
59.2500 40
59.6500 40
60.2500 40