0.6000 0
0.9500 0
1.2000 1
1.8000 1
2.1500 1
2.6000 2
3.2000 2
3.3500 2
3.8000 2
4.3500 2
4.7000 5
5.3500 6
5.8500 6
6.2000 7
6.4500 7
7.0500 7
7.4000 8
8.0500 9
8.2500 9
8.7500 10
9.0000 10
9.4000 10
10.0500 10
10.6000 10
11.2000 10
11.8000 12
12.4000 12
13.0500 13
13.4000 13
14.0500 14
14.3500 14
14.7000 14
15.0500 14
15.4000 16
15.8000 17
16.4500 17
16.6500 17
17.2500 17
17.5000 18
18.1000 18
18.7500 20
19.1000 20
19.4000 20
19.6500 20
20.0500 20
20.6000 21
21.2500 22
21.6000 23
22.2000 24
22.8500 24
23.0000 24
23.5000 24
23.8000 25
24.3500 25
24.8000 25
25.0000 25
25.5500 25
26.2000 25
26.7000 26
26.9000 26
27.1500 26
27.6000 26
28.2000 26
28.8500 26
29.3000 26
29.9500 26
30.6000 26
30.9500 27
31.2500 27
31.9000 27
32.3500 27
32.6000 27
33.2000 27
33.4500 27
33.7000 27
34.3500 27
35.0000 27
35.6500 28
36.2000 28
36.8000 28
37.4500 28
37.8000 28
37.9000 28
38.4000 28
38.8500 28
39.0500 28
39.7000 28
40.1000 28
40.7000 28
40.9500 28
41.6000 28
42.2500 28
42.9000 28
43.5500 28
44.2000 28
44.8500 28
45.3000 29
45.6500 29
46.1000 29
46.5500 29
47.2000 29
47.6500 30
47.9500 30
48.3000 30
48.6000 30
49.0500 30
49.4000 30
49.8000 30
50.1500 30
50.6500 30
50.9000 30
51.4500 30
52.1000 30
52.5500 30
52.9000 30
53.2500 30
53.8500 31
54.3500 31
55.0000 31
55.3500 31
55.7500 31
56.1500 31
56.6500 31
57.0500 31
57.7000 32
58.4000 32
58.9500 33
59.4000 33
59.7500 33
60.2500 33