0.6000 0
0.9500 0
1.5500 1
2.1500 1
2.8000 2
3.2500 2
3.8500 2
4.5000 2
5.0000 6
5.2000 6
5.8000 6
6.2500 7
6.8500 7
7.4500 8
7.8500 8
8.1500 9
8.4000 10
8.6500 10
9.0500 10
9.2000 10
9.8500 10
10.2500 10
10.8500 10
11.5000 12
11.8000 12
12.3500 12
12.9000 13
13.2000 13
13.5000 13
14.1000 14
14.5500 14
15.0500 14
15.1500 16
15.8000 17
16.4500 17
16.7500 17
17.1000 17
17.6000 18
18.2000 18
18.8500 20
19.5000 20
20.1500 20
20.8000 20
21.1000 20
21.4500 21
21.8500 21
22.2500 23
22.9000 23
23.5500 24
24.2000 24
24.8500 24
25.5000 24
25.9000 24
26.2500 25
26.9000 27
27.4500 27
28.1000 27
28.7500 27
29.3000 27
29.9000 27
30.3500 27
30.9500 27
31.3000 28
32.0000 28
32.6500 28
33.2000 28
33.8500 28
34.5000 28
35.1500 28
35.8000 28
36.2000 28
36.7500 28
37.2500 28
37.9000 28
38.5500 28
38.8000 28
39.4500 28
39.8000 28
40.4000 28
40.6000 28
40.9000 28
41.2000 28
41.6000 28
41.8000 28
42.3500 28
42.5500 28
42.8000 28
43.3500 29
44.0000 29
44.5000 29
44.7500 29
45.4000 29
45.6500 29
45.9000 29
46.3500 31
46.7500 31
47.1000 31
47.5000 31
48.1500 31
48.5000 31
49.0500 31
49.7000 31
50.3500 31
50.9000 32
51.3000 33
51.9500 33
52.6500 34
53.3000 34
53.8500 34
54.5000 34
55.1500 35
55.8000 35
56.2500 35
56.6500 35
57.3000 35
57.8000 35
58.4500 35
58.7500 35
59.3500 35
60.0500 35