0.6000 0
1.0500 0
1.4000 0
2.0500 0
2.6500 0
2.9500 0
3.4500 0
3.8000 1
4.4000 2
4.9500 2
5.1000 2
5.7500 5
5.9500 5
6.2000 5
6.8000 5
7.4000 5
8.0500 6
8.6500 7
9.3000 8
9.9000 10
10.4500 10
10.8000 10
10.9000 10
11.4500 10
11.7500 10
12.0500 11
12.6500 11
13.3000 14
13.9000 15
14.5500 15
15.2000 15
15.8000 15
16.3000 15
16.5500 15
17.1500 15
17.8000 16
18.4500 16
19.1000 17
19.4500 17
20.1000 17
20.4500 17
20.8500 18
21.4500 19
22.1000 19
22.7500 19
23.4000 19
24.0500 19
24.7000 23
25.3500 23
26.0000 23
26.4000 23
26.9000 23
27.4500 24
27.8000 24
28.4000 25
29.0500 26
29.7000 26
30.3500 26
31.0000 26
31.6500 26
31.7500 26
32.4000 27
33.0500 27
33.7000 27
34.0500 27
34.7000 28
35.3500 28
36.0500 29
36.7000 29
36.7500 29
37.4000 30
38.0500 30
38.7000 30
39.1500 30
39.8000 30
40.2000 30
40.8500 30
41.5000 30
42.1500 30
42.4500 30
43.1000 30
43.7500 30
44.4000 32
45.0500 33
45.5000 33
46.1500 33
46.3500 34
47.0000 34
47.7000 35
48.3500 35
49.0000 35
49.6500 35
50.3500 35
50.7500 35
51.4000 35
51.7500 35
52.4000 35
53.0500 35
53.4000 36
54.0500 36
54.7500 36
55.4000 36
56.1000 36
56.4000 36
56.8500 36
57.5000 37
58.2000 37
58.4500 37
59.1500 37
59.8000 37
60.1500 37