0.1000 0
0.2000 0
0.3500 0
0.5000 0
0.6000 0
0.6500 0
0.7500 0
0.8000 1
0.9000 1
0.9500 1
1.0500 1
1.1000 1
1.2000 1
1.3000 1
1.4000 1
1.4500 1
1.5500 1
1.6500 1
1.7000 1
1.8000 1
1.9000 1
1.9500 1
2.0500 1
2.1500 1
2.2500 1
2.3500 1
2.4000 1
2.5500 2
2.7000 2
2.8000 2
2.9000 2
2.9500 2
3.1000 2
3.2000 2
3.3000 2
3.3500 3
3.4500 3
3.5500 3
3.7000 3
3.7500 4
3.8500 4
3.9500 4
4.0000 4
4.1000 4
4.2000 4
4.2500 4
4.3000 4
4.4000 4
4.5000 4
4.6000 4
4.7000 4
4.7500 4
4.9000 4
5.0000 5
5.1000 5
5.2000 5
5.2500 5
5.3000 5
5.4000 5
5.4500 5
5.5000 5
5.6000 5
5.7500 5
5.8500 5
5.9500 6
6.0500 6
6.1000 6
6.2000 6
6.2500 6
6.3500 6
6.4500 6
6.6500 6
6.7000 6
6.8000 6
6.9500 6
7.1500 6
7.2500 6
7.3000 6
7.4000 6
7.5000 6
7.6000 7
7.7000 7
7.8000 8
7.8500 8
7.9500 8
8.0500 8
8.1500 8
8.2000 8
8.2500 8
8.3500 8
8.4000 8
8.6000 8
8.7500 9
8.8500 9
8.9000 9
9.0000 9
9.0500 9
9.1000 9
9.1500 9
9.2500 9
9.3000 9
9.3500 10
9.4000 10
9.4500 10
9.5500 11
9.6500 11
9.7500 11
9.8500 11
9.9500 11
10.0500 11
10.1000 11
10.2000 11
10.2500 11
10.3500 11
10.4500 11
10.5000 11
10.6000 11
10.6500 11
10.7500 12
10.8500 12
10.9500 12
11.0000 12
11.0500 12
11.1000 12
11.2000 12
11.3000 12
11.3500 12
11.4500 12
11.5500 12
11.6500 12
11.7500 12
11.8500 12
11.9500 12
12.0000 12
12.1000 12
12.1500 12
12.3500 12
12.4500 13
12.5500 13
12.6000 13
12.7000 13
12.8000 13
12.9000 13
12.9500 13
13.0000 13
13.1000 13
13.2000 13
13.3000 13
13.4000 13
13.5000 13
13.5500 13
13.6500 13
13.7500 13
13.8000 13
13.9500 14
14.0500 14
14.1000 14
14.1500 14
14.2000 14
14.3000 14
14.4000 14
14.6000 15
14.7000 15
14.8000 15
14.9000 15
15.0000 15
15.1000 15
15.1500 15
15.2000 15
15.3000 15
15.4000 15
15.5000 15
15.6000 15
15.6500 15
15.7500 15
15.8000 16
15.9000 16
15.9500 16
16.0000 16
16.1500 17
16.2500 17
16.3500 17
16.4500 17
16.5500 17
16.6000 17
16.8000 17
16.9000 17
17.0000 17
17.0500 17
17.2000 17
17.2500 17
17.4500 17
17.6000 17
17.7500 17
17.8000 17
17.9500 17
18.1000 17
18.2500 18
18.3500 18
18.4000 18
0.1000 0
0.2000 0
0.2500 0
0.4000 0
0.5500 0
0.6500 0
0.8500 0
0.9500 0
1.0500 0
1.1500 0
1.2000 0
1.2500 0
1.4000 0
1.5000 0
1.5500 0
1.6500 0
1.8000 0
2.0000 0
2.1000 0
2.2000 0
2.4000 0
2.6000 1
2.7000 1
2.7500 1
2.8000 1
2.8500 1
3.0000 1
3.1000 1
3.1500 1
3.2500 1
3.3500 1
3.4000 1
3.5000 1
3.6000 1
3.6500 2
3.7500 2
3.8000 2
3.9000 2
4.0000 2
4.1000 3
4.1500 3
4.2500 3
4.3000 4
4.4000 4
4.4500 4
4.5500 4
4.6500 4
4.7000 4
4.8000 4
4.9000 4
5.0000 5
5.1500 5
5.2000 5
5.4000 5
5.5500 5
5.6000 5
0.2000 0
0.3500 0
0.4500 0
0.6500 0
0.8000 0
0.8500 1
1.0000 1
1.1000 1
1.2500 1
1.4000 1
1.5000 1
1.6000 1
1.7000 1
1.7500 1
1.8500 1
1.9500 1
2.0500 1
2.1500 1
2.2500 1
2.3500 1
2.5000 2
2.6000 2
2.7500 2
2.9000 2
2.9500 2
3.0500 2
3.1500 2
3.2000 2
3.3500 2
3.4500 2
3.5500 2
3.6000 2
3.8000 2
3.8500 2
3.9500 2
4.0500 2
4.1500 3
4.2500 3
4.3000 3
4.4000 3
4.4500 3
4.5500 4
4.6500 4
4.8000 4
4.9500 5
5.0000 6
5.1000 7
5.2500 7
5.4000 7
5.6500 7
5.9000 7
6.1500 7
6.2500 7
6.3500 7
6.4500 8
6.5500 8
6.7500 8
6.8500 8
7.0000 8
7.1000 8
7.2000 8
7.3500 8
7.4500 8
7.5500 8
7.7000 8
7.7500 8
7.8500 9
8.0000 9
8.1500 9
8.2500 10
8.3000 10
0.0500 0
0.1500 0
0.2000 0
0.3500 0
0.4000 0
0.5500 0
0.6500 0
0.8000 1
0.9000 1
1.0000 1
1.1000 1
1.2500 1
1.4000 1
1.5000 1
1.6000 1
0.0500 0
0.1000 0
0.1500 0
0.2000 0
0.3500 0
0.4000 0
0.5500 0
0.6500 0
0.7000 0
0.7500 0
0.9000 0
1.0000 0
1.1000 0
1.1500 0
1.2000 0
1.2500 0
1.3000 0
1.3500 0
1.4500 0
1.5500 0
1.6500 0
1.7000 0
1.8000 0
1.9000 0
1.9500 0
2.0000 0
2.1000 0
2.1500 0
2.2500 0
2.3000 0
2.4000 0
2.4500 1
2.5500 1
2.7000 1
2.7500 1
2.8000 1
2.9000 1
2.9500 1
3.0500 1
3.1500 1
3.2000 1
3.2500 1
3.4000 2
3.5000 2
3.5500 2
3.7500 2
3.8500 2
4.0000 2
4.1500 2
4.2500 2
4.3500 1
0.0500 0
0.1000 0
0.2500 0
0.3000 0
0.3500 0
0.5000 0
0.6000 0
0.7500 0
0.8500 0
0.9500 0
1.0500 0
1.1500 0
1.2500 0
1.5500 0
1.6500 0
1.7500 0
1.9000 0
2.1000 0
2.2000 0
2.4000 0
2.6000 1
2.6500 1
2.7500 1
2.8000 1
2.9500 1
3.1000 1
3.2000 1
3.3000 1
3.4000 2
3.4500 2
3.5500 2
3.7000 3
3.8000 3
3.9500 3
4.0500 3
4.1000 3
4.2000 4
4.2500 4
4.3500 4
4.4500 4
4.5500 4
4.6500 4
4.7500 4
4.8500 4
4.9500 4
5.0000 5
5.1000 5
5.2000 5
5.3000 5
5.4000 5
5.5500 5
5.7000 5
5.8000 5
5.9000 5
6.0000 5
6.1500 5
6.2500 5
6.3000 5
6.4500 5
6.7000 5
6.9000 5
7.0000 5
7.1000 5
7.1500 6
7.2500 6
7.4500 7
7.5500 7
7.6500 7
7.7000 7
7.8000 7
7.8500 8
7.9500 8
8.0000 8
8.1500 8
8.3000 8
8.4000 9
8.4500 9
8.5500 9
8.7000 9
8.8000 9
8.9000 9
9.0000 9
9.0500 10
9.2500 10
9.3500 10
9.5000 10
9.6000 10
9.7500 10
9.9000 10
9.9500 10
10.0500 10
10.1500 10
10.2000 10
10.3000 10
10.4000 10
10.5000 10
10.6000 10
10.7000 10
10.7500 10
10.8000 10
11.0000 10
11.0500 10
11.1000 10
11.2000 11
11.3500 11
11.4500 11
11.5500 11
11.6500 11
11.7000 12
11.8000 12
11.8500 12
12.0000 12
12.1500 13
12.2500 13
12.4000 13
12.4500 13
12.5500 13
12.6000 13
12.7000 13
12.8000 13
12.9500 13
13.1000 13
13.2000 14
13.2500 14
13.4000 14
13.5000 14
13.5500 14
13.7000 14
13.8000 14
13.8500 14
14.0500 14
14.2000 15
14.3000 15
14.4000 15
14.5000 15
14.6000 15
14.7000 15
14.7500 15
14.8500 15
14.9000 15
15.0000 15
15.1000 15
15.2000 15
15.2500 15
15.3000 15
15.3500 15
15.4500 15
15.5500 15
15.6000 15
15.7500 15
15.8500 16
16.0500 16
16.1500 16
16.2500 16
16.3500 16
16.4500 16
16.5000 16
16.5500 16
16.6500 16
16.7500 17
17.0000 17
17.0500 17
17.1500 17
17.3000 17
17.4000 17
17.5000 17
17.6000 18
17.7000 18
17.7500 18
17.8500 18
17.9000 18
18.0000 18
18.1000 18
18.2000 18
18.2500 18
18.3500 19
18.4500 19
18.6000 19
18.7000 20
18.8000 20
18.9500 20
19.0500 20
19.1500 20
19.2500 20
19.3500 20
19.4000 20
19.5000 20
19.5500 20
19.6000 20
19.6500 20
19.7500 20
19.8500 20
19.9500 20
20.2000 20
20.3500 20
20.5500 20
20.6000 20
20.7000 20
20.8500 20
20.9500 20
21.1000 20
21.2000 20
21.3000 20
21.3500 20
21.4000 20
21.5000 20
21.6000 20
21.7500 20
21.8000 20
22.0000 20
22.1000 20
22.3000 21
22.4500 21
22.5500 21
22.7000 21
22.8500 21
22.9500 21
23.0000 21
23.1000 21
23.2000 21
23.3000 22
23.3500 22
23.5000 22
23.7000 22
23.8000 22
23.9000 22
24.0500 22
24.3000 22
24.3500 22
24.4000 22
24.5000 23
24.6500 23
24.8000 23
24.9000 23
25.0000 23
25.1000 23
25.1500 23
25.2500 23
25.5000 23
25.6000 23
25.8500 23
25.9500 23
26.1000 23
26.1500 23
26.3000 23
26.4000 23
26.5000 23
26.6000 23
26.7000 23
26.8500 23
26.9000 23
26.9500 23
27.1000 23
27.1500 24
27.2500 24
27.4000 24
27.5500 24
27.6500 24
27.7000 24
27.8000 24
27.9500 25
28.1500 25
28.2500 25
28.3500 25
28.5000 25
28.7500 25
28.8500 25
29.0000 25
29.1000 25
29.2000 25
29.3000 25
29.4500 25
29.5500 25
29.6000 25
29.8000 25
29.8500 25
30.0000 25
30.0500 25
30.1000 25
30.2000 25
30.3500 25
30.5500 26
30.6000 26
30.6500 26
30.7500 26
30.8000 26
30.9000 26
31.0000 26
31.1000 26
31.2000 26
31.4000 26
31.4500 26
31.6000 26
31.7500 26
31.8500 26
31.9000 26
32.1000 26
32.2000 26
32.2500 26
32.4000 26
32.5000 27
32.6500 27
32.7500 27
32.9000 27
32.9500 27
33.0500 27
33.2000 27
33.3500 27
33.4500 27
33.5500 27
33.6000 28
33.6500 28
33.7500 28
33.8500 28
33.9500 28
34.1000 28
34.2000 29
34.3000 29
34.4000 29
34.5000 29
34.6500 29
34.7500 29
34.8500 30
34.9000 30
34.9500 30
35.0000 30
35.2000 30
35.3000 31
35.3500 31
35.5000 31
35.6000 31
35.6500 31
35.8500 31
35.9500 31
36.0500 31
36.2000 31
36.2500 31
36.3500 31
36.5000 31
36.5500 31
36.7000 32
36.7500 32
36.8500 32
36.9500 32
37.0500 32
37.1500 32
37.2500 32
37.3500 32
37.5000 32
37.5500 32
37.6000 32
37.7000 32
37.8000 32
37.9000 32
38.0000 32
38.0500 32
38.1500 32
38.2500 32
38.4000 32
38.5000 32
38.5500 32
38.7000 32
38.7500 32
38.8500 32
38.9500 32
39.1000 32
39.2000 32
39.3000 32
39.4000 32
39.5000 32
39.6000 32
39.6500 32
39.7500 32
39.8000 32
39.9000 32
40.0000 32
40.1000 32
40.2000 32
40.4000 32
40.6500 32
40.8000 32
40.8500 32
41.0000 32
41.1000 32
41.3000 33
41.5000 33
41.5500 33
41.6500 33
41.7500 33
41.8500 34
41.9500 34
42.0500 34
42.1500 34
42.2500 34
42.3500 34
42.4000 34
42.5500 34
42.6500 34
42.7500 34
42.8500 34
42.9000 34
43.0000 34
43.2000 34
43.3500 34
43.5000 34
43.5500 35
43.7000 35
43.9000 35
44.0000 35
44.1000 35
44.2000 35
44.2500 35
44.3500 35
44.4000 35
44.5000 35
44.6000 35
44.7500 35
44.9000 35
45.0500 35
45.2000 35
45.3500 35
45.5000 35
45.6000 35
45.7500 35
45.8500 35
46.0500 35
46.2000 35
46.3000 35
46.4000 35
46.5000 35
46.5500 35
46.8500 35
46.9500 35
47.1000 35
47.2000 35
47.3500 36
47.4500 36
47.5000 36
47.6000 36
47.8500 36
47.9500 36
48.0500 36
48.1500 36
48.2500 36
48.3500 36
48.4500 36
48.6500 36
48.7000 36
48.7500 36
48.8500 36
49.0500 36
49.2000 36
49.3000 36
49.4000 36
49.5000 36
49.6500 36
49.8000 37
49.9000 37
50.1000 37
50.2000 37
50.2500 37
50.4000 37
50.5000 37
50.6000 37
50.7000 37
50.8000 37
50.9000 37
50.9500 37
51.0000 37
51.1500 37
51.3000 37
51.4000 37
51.5000 37
51.6500 37
51.7500 37
51.9000 37
52.0500 37
52.1000 37
52.2500 37
52.4000 37
52.4500 37
52.5500 37
52.6500 37
52.8500 37
52.9500 37
53.0500 37
53.2000 37
53.3000 37
53.4000 37
53.5500 37
53.7500 37
53.8000 37
53.9000 37
54.1000 37
54.1500 37
54.3000 37
54.4500 37
54.6000 37
54.7500 37
54.9500 37
55.0500 37
55.2500 37
55.3000 37
55.3500 37
55.5000 37
55.5500 37
55.7000 37
55.8000 37
55.9500 37
56.0500 37
56.2500 37
56.3000 37
56.3500 37
56.4500 37
56.5000 37
56.7000 37
56.8500 37
56.9500 37
57.0500 37
57.1500 37
57.2500 37
57.4000 37
57.4500 37
57.5500 37
57.8500 37
58.0500 37
58.3000 37
58.3500 37
58.4500 37
58.5500 37
58.8000 37
58.8500 37
58.9500 37
59.0500 37
59.1500 37
59.2500 37
59.3500 37
59.4500 37
59.6500 37
59.7000 37
59.8000 37
59.9000 37
60.0500 37
60.2000 37
60.3000 37
60.4000 37
60.5500 37
60.6500 37
60.7000 37
60.8000 37
60.9500 37
61.0500 37
61.1000 37
61.2500 37
61.4000 37
61.5000 37
61.6000 37
61.7000 37
61.8000 37
61.9500 37
62.1500 37
62.4000 37
62.5000 37
62.6500 37
62.8000 37
62.9000 37
63.0500 37
63.1500 37
63.2000 37
63.3000 37
63.4000 37
63.5000 37
63.6500 37
63.7000 37
63.8000 37
63.9500 37
64.0000 37
64.0500 37
64.1500 37
64.3500 37
64.4000 37
64.5000 37
64.5500 37
64.6500 37
64.8500 37
64.9500 37
65.0500 37
65.2000 37
65.3000 37
65.4500 37
65.5000 37
65.6500 37
65.8000 37
66.0000 37
66.1500 37
66.3000 37
66.4000 37
66.4500 37
66.6500 37
66.7000 37
0.1000 0
0.3000 0
0.3500 0
0.4500 0
0.6000 0
0.8000 0
0.8500 0
0.9500 0
1.0000 0
1.1000 0
1.2000 0
1.3500 0
1.4000 0
1.4500 0
1.5500 0
1.6500 0
1.7500 0
1.8000 0
1.8500 0
1.9500 0
2.0500 0
2.1500 0
2.2500 0
2.3500 0
2.4000 0
2.6000 1
2.7500 1
2.8000 1
2.9000 1
3.0000 1
3.1000 1
3.2000 1
3.3500 1
3.4500 2
3.5000 2
3.5500 2
3.6000 2
3.6500 2
3.8000 2
3.9000 2
3.9500 2
4.1000 2
4.2000 3
4.2500 3
4.3000 3
4.4000 3
4.5000 3
4.6000 3
4.7000 3
4.7500 3
4.8000 3
4.9500 3
5.0500 4
5.2500 4
5.3500 4
5.5500 4
5.6000 4
5.7500 4
5.8500 4
5.9500 4
6.1000 5
6.2000 5
6.3000 5
6.4000 5
6.5000 5
6.6500 5
6.7500 5
6.8500 5
6.9500 5
7.0000 5
7.0500 5
7.2000 6
7.2500 6
7.3000 6
7.4500 6
7.5500 7
7.7500 7
7.8000 8
8.0000 8
8.1000 9
8.2000 9
8.3000 9
8.4000 9
8.4500 9
8.6500 9
8.7500 7
0.1000 0
0.2500 0
0.5000 0
0.6000 0
0.7500 0
0.9000 1
1.1500 1
1.3500 1
1.5000 1
1.5500 1
1.7000 1
1.8500 1
2.0500 1
2.1500 1
2.2000 1
2.3500 1
2.4500 2
2.5500 2
2.6500 2
2.8500 2
2.9500 2
3.0000 2
3.1000 2
3.2000 2
3.3500 3
3.4500 3
3.5500 3
3.7500 3
3.8500 3
3.9000 3
3.9500 3
4.0500 3
4.1500 3
4.3000 3
4.4500 3
4.5000 3
4.6000 4
4.7000 4
4.8000 4
4.9000 4
5.0000 5
5.0500 5
5.1000 5
5.2000 5
5.2500 5
5.3500 5
5.4500 5
5.5000 5
5.5500 5
5.6500 5
5.7500 5
5.8000 5
5.9000 5
6.0000 6
6.2000 6
6.3000 6
6.4000 6
6.5500 6
6.6500 6
6.8000 6
6.9000 6
7.0000 6
7.0500 6
7.1500 6
7.2000 6
7.3500 6
7.4500 6
7.5500 6
7.6500 6
7.7000 6
7.8000 6
7.9000 7
8.0000 7
8.1000 7
8.2000 7
8.3500 7
8.5000 8
8.5500 8
8.6500 8
8.7500 8
8.8000 8
8.9500 9
9.0500 9
9.1500 9
9.2500 9
9.3500 10
9.4500 10
9.5500 10
9.6500 10
9.7000 10
9.8000 10
9.9500 10
10.1000 10
10.2000 10
10.3000 10
10.4000 10
10.4500 10
10.5500 10
10.6000 10
10.7000 10
10.8000 10
10.8500 10
10.9500 10
11.0000 10
11.1500 10
11.2500 10
11.3500 11
11.4000 11
11.4500 11
11.5500 11
11.7500 11
11.8500 11
11.9500 11
12.0000 11
12.0500 11
12.1500 11
12.3500 11
12.4500 11
12.7500 11
12.8500 11
13.0500 11
13.2000 11
13.3000 11
13.4000 11
13.5500 12
13.6500 12
13.7500 12
13.8000 12
13.8500 12
14.0000 12
14.0500 12
14.1500 12
14.3500 12
14.4000 12
14.4500 12
14.5500 12
14.6500 12
14.7500 13
14.9500 13
15.1000 13
15.2000 13
15.3500 13
15.5000 13
15.5500 13
15.6500 13
15.8500 13
15.9500 13
16.0500 13
16.1500 14
16.3500 14
16.4000 14
16.5000 14
16.6500 14
16.7000 14
16.8000 14
16.9000 14
17.0000 14
17.1000 14
17.2500 15
17.3500 15
17.5500 15
17.7500 15
17.8500 15
17.9500 15
18.0000 15
18.0500 15
18.1000 15
18.2000 15
18.3000 15
18.3500 15
18.4500 15
18.6000 15
18.7000 15
18.8000 15
18.8500 15
18.9500 15
19.1000 15
19.2000 15
19.3000 15
19.4000 15
19.5500 15
19.6000 15
19.6500 15
19.8000 15
20.0000 15
20.1500 15
20.2500 15
20.3500 16
20.4000 16
20.4500 16
20.5500 16
20.6500 16
20.7500 16
20.8000 16
20.9500 17
21.0500 17
21.1000 17
21.2000 18
21.3000 18
21.4500 18
21.5000 18
21.6000 18
21.7000 18
21.8500 18
22.0500 18
22.2000 18
22.3000 18
22.5000 18
22.5500 18
22.6500 18
22.7000 18
22.8500 18
22.9000 18
23.0000 18
23.2000 18
23.2500 18
23.3500 18
23.4000 18
23.5000 18
23.6000 18
23.7000 18
23.8500 18
23.9500 18
24.1000 18
24.2000 18
24.3000 18
24.3500 18
24.4500 18
24.5500 18
24.7000 18
24.8000 19
25.0000 19
25.2000 19
25.3500 19
25.5000 19
25.6500 19
25.7500 20
25.9000 20
26.0000 20
26.0500 20
26.1500 20
26.2000 20
26.3500 20
26.5000 20
26.6000 21
26.6500 21
26.7500 21
26.8500 21
27.0000 21
27.1500 21
27.2500 21
27.3500 21
27.5000 22
27.6000 22
27.6500 22
27.8000 22
27.8500 22
28.0000 22
28.1500 22
28.3000 22
28.4500 22
28.6000 22
28.6500 22
28.7500 23
28.8500 23
28.9500 23
29.1500 23
29.2500 23
29.3500 23
29.4500 23
29.5000 23
29.6500 23
29.7500 23
29.8500 23
30.0000 23
30.2000 23
30.3000 23
30.4000 23
30.5500 23
30.6500 23
30.8000 24
30.9000 24
30.9500 25
31.1000 25
31.2000 25
31.3000 25
31.4500 25
31.5500 25
31.6000 25
31.7500 25
31.8000 26
31.9000 26
32.0500 26
32.1500 26
32.2000 26
32.3000 26
32.4000 26
32.5000 26
32.6500 26
32.7500 26
32.8500 26
33.0500 27
33.1500 27
33.2500 27
33.3500 27
33.5000 27
33.6500 27
33.8500 27
34.0000 27
34.1000 27
34.3000 27
34.6000 27
34.7000 27
34.8000 27
34.9000 27
35.0500 27
35.2000 27
35.2500 28
35.4000 29
35.5500 30
35.6500 30
35.7500 30
35.8500 30
35.9000 30
35.9500 30
36.1000 30
36.2000 30
36.2500 30
36.3500 30
36.4500 30
36.5500 30
36.6500 31
36.7500 31
36.9500 31
37.0000 31
37.1000 31
37.2500 31
37.3000 31
37.3500 31
37.5000 31
37.6000 31
37.7000 31
37.8500 32
38.0000 32
38.1500 32
38.3500 32
38.4500 32
38.6000 32
38.6500 32
38.7500 33
38.9000 33
39.0000 33
39.1000 33
39.2000 33
39.2500 33
39.3500 33
39.4000 33
39.5500 33
39.6500 33
39.7500 34
39.9500 34
40.0500 34
40.1000 34
40.2000 34
40.2500 34
40.4000 34
40.5000 34
40.6000 34
40.7000 34
40.7500 34
40.8000 34
40.8500 34
41.0000 34
41.1000 34
41.2000 34
41.3000 34
41.4500 34
41.5500 34
41.6000 34
41.7500 34
41.8500 34
41.9000 34
42.0000 34
42.2000 35
42.3000 35
42.4000 35
42.5500 35
42.7500 35
42.8500 35
42.9500 35
43.0000 35
43.1000 35
43.2000 35
43.3500 35
43.4500 35
43.5500 35
43.6500 35
43.7000 35
43.8000 35
43.9000 35
44.0000 35
44.1000 35
44.2000 35
44.3500 35
44.4500 35
44.5000 35
44.6000 35
44.7500 35
44.8000 35
44.9000 35
45.0000 35
45.1000 35
45.2500 35
45.3500 35
45.5000 35
45.6000 35
45.7000 35
45.9500 35
46.1000 35
46.2000 35
46.3000 35
46.4500 35
46.5500 35
46.7500 35
46.9000 35
47.0000 35
47.0500 35
47.2500 35
47.4000 35
47.5000 35
47.5500 35
47.7000 35
47.8500 35
47.9000 35
47.9500 35
48.0500 35
48.1500 35
48.2000 35
48.3000 35
48.3500 35
48.4500 35
48.6500 35
48.7500 35
48.8000 35
48.9000 35
49.0500 35
49.1000 35
49.2500 35
49.3500 35
49.5500 35
49.6000 35
49.7000 35
49.8000 35
49.9500 37
50.0500 37
50.2000 37
50.3000 37
50.4000 37
50.5000 37
50.5500 37
50.6500 37
50.7500 37
50.8000 37
50.9500 37
51.1000 37
51.2000 37
51.2500 37
51.4000 37
51.5500 37
51.6500 37
51.8000 37
52.0000 37
52.1000 37
52.2500 37
52.4000 37
52.5500 38
52.6500 38
52.7500 38
52.9500 38
53.1000 38
53.2500 38
53.4000 38
53.5000 38
53.5500 38
53.7000 38
53.8000 38
53.9000 38
53.9500 38
54.0500 38
54.1000 38
54.2500 38
54.4000 38
54.5000 38
54.6500 38
54.7000 38
54.8500 38
54.9500 38
55.1000 38
55.2000 38
55.3500 38
55.4500 38
55.6000 38
55.7000 38
55.8000 38
55.9000 38
56.0000 39
56.1500 39
56.2500 39
56.3000 39
56.3500 39
56.4500 39
56.5500 39
56.7000 39
56.8500 39
56.9500 39
57.1000 39
57.2000 39
57.3000 39
57.4500 39
57.5000 39
57.5500 39
57.6000 39
57.7000 39
57.7500 39
57.8500 39
57.9500 39
58.0500 39
58.1500 39
58.2500 39
58.4000 39
58.5500 39
58.6000 39
58.7500 40
58.8500 40
58.9500 40
59.1000 40
59.2000 40
59.4000 40
59.6000 40
59.6500 40
59.7000 40
59.8000 40
59.9000 40
60.0000 40
60.1000 40
60.2000 40
60.3000 40
60.3500 40
60.5500 40
60.7000 40
60.8000 40
60.9000 40
61.0500 40
61.2000 40
61.2500 40
61.4000 40
61.5000 40
61.6000 40
61.7000 40
61.8000 40
61.9500 40
62.1000 40
62.2000 40
62.3000 40
62.4000 40
62.5000 40
62.5500 40
62.7000 40
62.8000 40
62.9000 40
63.0500 40
63.2000 40
63.4000 40
63.5000 40
63.6500 40
63.7500 40
63.8500 40
64.0500 40
64.1500 40
64.2500 40
64.5000 40
64.6000 40
64.7500 40
64.9000 40
65.0500 40
65.2000 40
65.3000 40
65.5000 40
65.6000 40
65.8000 40
65.8500 40
65.9500 40
66.0000 40
66.1500 40
66.3500 40
66.4000 40
66.5000 40
66.6000 40
66.7000 40
66.8000 40
66.9000 40
66.9500 40
67.1000 40
67.2000 40
67.3000 40
67.4500 40
67.6500 40
67.7500 40
67.8500 40
67.9500 40
68.0500 40
68.2000 40
68.3000 40
68.5000 40
68.6500 40
68.7500 40
68.9500 40
69.1000 40
69.2500 40
69.3500 40
69.4000 40
69.5500 40
69.6500 40
69.7000 40
69.8000 40
69.9000 40
69.9500 40
70.0500 40
70.1000 40
70.2500 40
70.3000 40
70.5000 40
70.6000 40
70.7500 40
70.9000 40
71.0000 40
71.0500 40
71.2000 40
71.3500 40
71.4500 40
71.5000 40
71.6000 40
71.7000 40
71.8000 40
71.9500 40
72.0500 40
72.2000 40
72.3000 40
72.4500 40
72.5500 40
72.6500 40
72.7500 40
72.8500 40
73.0000 40
73.2000 40
73.3500 40
73.4500 40
73.5500 40
73.6000 40
73.7000 40
73.8500 40
73.9000 40
74.0500 40
74.1500 40
74.3000 40
74.4500 40
74.5000 40
74.5500 40
74.6500 40
74.7000 40
74.9000 40
75.0500 40
75.1500 40
75.2500 40
75.3500 40
75.4500 40
75.5500 40
75.7000 40
75.8500 40
75.9000 40
76.1500 40
76.2500 40
76.3500 40
76.5000 40
76.6000 40
76.7500 40
76.8000 40
76.9000 40
77.0000 40
77.0500 40
77.1500 40
77.3500 40
77.4500 40
77.5500 40
77.7000 40
77.8500 40
78.0000 40
78.1000 40
78.2000 40
78.3000 40
78.3500 40
78.5000 40
78.5500 40
78.6500 40
78.8000 40
78.8500 40
78.9000 40
79.0500 40
79.1500 40
79.3000 40
79.4500 40
79.5000 40
79.6500 40
79.8000 40
79.9500 40
80.1000 40
80.3000 40
80.3500 40
80.5000 40
80.6500 40
80.7500 40
80.9000 40
80.9500 40
81.0500 40
81.1500 40
81.3000 40
81.4500 40
81.5500 40
81.6500 40
81.9000 40
82.0500 40
82.2000 40
82.3000 40
82.4000 40
82.6000 40
82.7000 40
82.8000 40
82.8500 40
83.0000 40
83.1500 40
83.3000 40
83.4000 40
83.5500 40
83.6500 40
83.9500 40
84.0500 40
84.1500 40
84.2000 40
84.2500 40
84.4000 40
84.5500 40
84.7500 40
84.9000 40
85.0000 40
85.2000 40
85.2500 40
85.3500 40
85.4500 40
85.6000 40
85.7000 40
85.9000 40
86.0000 40
86.1000 40
86.2000 40
86.3500 40
86.5000 40
86.6500 40
86.8000 40
86.9000 40
87.1000 40
87.2500 40
87.3500 40
87.4500 40
87.6000 40
87.7000 40
87.8000 40
87.9500 40
88.0500 40
88.1500 40
88.3500 40
88.4000 40
88.4500 40
88.5500 40
88.6500 40
88.7500 40
88.8500 40
89.0500 40
89.1000 40
89.1500 40
89.3500 40
89.4000 40
89.4500 40
89.5000 40
89.6500 40
89.8500 40
89.9500 40
90.0000 40
90.1000 40
90.2000 40
90.3500 40
90.5000 40
90.5500 40
90.6500 40
90.8500 40
90.9500 40
91.0500 40
91.1500 40
91.2500 40
91.3500 40
91.4500 40
91.5500 40
91.6000 40
91.8000 40
91.9500 40
92.0000 40
92.1000 40
92.2500 40
92.3000 40
92.4000 40
92.6000 40
92.7000 40
92.8000 40
92.8500 40
92.9500 40
93.0500 40
93.2000 40
93.2500 40
93.3500 40
93.5000 40
93.5500 40
93.6000 40
93.8000 40
93.8500 40
93.9500 40
94.1500 40
94.2500 40
94.4000 40
94.6000 40
94.6500 40
94.7000 40
94.8500 40
94.9500 40
95.0500 40
95.2000 40
95.3500 40
95.5000 40
95.6500 40
95.8000 40
95.9000 40
96.0000 40
96.2000 40
96.3000 40
96.4000 40
96.5500 40
96.6000 40
96.7000 40
96.8500 40
97.0000 40
97.1000 40
97.2500 40
97.3500 40
97.4500 40
97.6000 40
97.7000 40
97.8500 40
97.9500 40
98.1000 40
98.3000 40
98.4000 40
98.5500 40
98.6000 40
98.7500 40
98.8500 40
98.9500 40
99.1000 40
99.2500 40
99.4000 40
99.5000 40
99.6500 40
99.7000 40
99.8000 40
99.9500 40
100.0500 40
100.1500 40
100.2500 40
100.3500 40
100.5000 40
100.6500 40
100.8500 40
101.0000 40
101.1000 40
101.2000 40
101.3500 40
101.4000 40
101.5000 40
101.6500 40
101.7500 40
101.8000 40
101.9500 40
102.1500 40
102.2000 40
102.2500 40
102.4000 40
102.5000 40
102.5500 40
102.6500 40
102.7500 40
102.9000 40
103.0000 40
103.1500 40
103.2500 40
103.3500 40
103.4000 40
103.5500 40
103.7000 40
103.8000 40
104.0000 40
104.2000 40
104.2500 40
104.4500 40
104.5500 40
104.7000 40
104.7500 40
104.9000 40
104.9500 40
105.0500 40
105.2500 40
105.4500 40
105.5500 40
105.7000 40
105.8000 40
105.9000 40
106.0000 40
106.1000 40
106.2000 40
106.4000 40
106.5000 40
106.6000 40
106.7500 40
106.8500 40
107.0000 40
107.1000 40
107.2500 40
107.3500 40
107.4500 40
107.5500 40
107.6500 40
107.8000 40
108.0000 40
108.1500 40
108.2500 40
108.3500 40
108.4500 40
108.5500 40
108.6000 40
108.7000 40
108.7500 40
108.9500 40
109.0500 40
109.2000 40
109.3000 40
109.4500 40
109.5500 40
109.6500 40
109.7500 40
109.8500 40
110.0000 40
110.0500 40
110.1500 40
110.3500 40
110.4500 40
110.6000 40
110.6500 40
110.7000 40
110.8500 40
110.9500 40
111.1000 40
111.2000 40
111.3500 40
111.6000 40
111.8000 40
111.9500 40
112.1000 40
112.2000 40
112.3500 40
112.5000 40
112.6000 40
112.7000 40
112.8000 40
112.8500 40
113.0000 40
113.0500 40
113.1000 40
113.2500 40
113.4000 40
113.4500 40
113.5500 40
113.7000 40
113.8000 40
113.9000 40
114.0000 40
114.1500 40
114.2000 40
114.5500 40
114.7500 40
114.8000 40
114.9000 40
115.0000 40
115.1000 40
115.2000 40
115.3000 40
115.4000 40
115.5000 40
115.6000 40
115.8000 40
115.8500 40
115.9000 40
115.9500 40
116.0500 40
116.1500 40
116.3000 40
116.4000 40
116.5000 40
116.6000 40
116.7000 40
116.7500 40
116.9000 40
117.0500 40
117.1000 40
117.2500 40
117.4000 40
117.5000 40
117.6000 40
117.8000 40
117.9000 40
118.0000 40
118.1000 40
118.2500 40
118.3500 40
118.4500 40
118.5500 40
118.6500 40
118.7500 40
118.8500 40
118.9500 40
119.1000 40
119.2000 40
119.2500 40
119.3500 40
119.4500 40
119.5500 40
119.7000 40
119.8000 40
119.9000 40
120.0000 40
120.1500 40
120.3000 40
120.4000 40
120.5000 40
120.6500 40
120.8500 40
120.9000 40
121.0500 40
121.1500 40
121.2500 40
121.4000 40
121.5500 40
121.6000 40
121.6500 40
121.8000 40
121.9000 40
122.0500 40
122.1000 40
122.2000 40
122.3000 40
122.4500 40
122.6000 40
122.7000 40
122.8000 40
122.9500 40
123.1000 40
123.2000 40
123.3500 40
123.4000 40
123.5000 40
123.6000 27
