0.6000 0
0.8500 0
1.4000 0
1.9000 0
2.1500 0
2.4000 0
2.7500 1
3.2000 1
3.5500 2
3.9000 2
4.3000 3
4.9000 3
5.5500 4
6.1000 4
6.7000 5
6.9000 5
7.4500 6
7.8000 8
8.1000 8
8.4000 9
8.8500 9
9.4500 9
9.6000 10
9.8000 10
10.4500 10
10.6000 10
11.2500 10
11.8500 12
12.2500 13
12.3500 13
12.6000 14
13.2500 15
13.9000 15
14.5000 15
14.7000 15
15.3000 16
15.6000 17
16.2500 17
16.6500 17
17.0500 18
17.6500 18
18.2500 18
18.5000 18
19.1500 18
19.8000 19
20.3500 19
21.0000 19
21.6000 19
21.8500 20
22.5000 21
23.1500 21
23.4500 21
23.7500 21
24.2500 21
24.8500 21
25.5000 21
26.1500 22
26.5000 22
27.0500 22
27.5500 23
27.9500 23
28.3500 23
29.0000 23
29.6500 23
30.0000 24
30.5000 24
31.2000 24
31.7500 24
32.0500 24
32.4500 25
32.7500 25
33.3500 25
34.0500 25
34.7000 26
35.1500 26
35.6000 26
36.0000 26
36.4500 27
36.9500 27
37.4500 28
38.1000 29
38.6500 29
39.0500 29
39.4500 29
39.9500 29
40.3000 29
40.8500 30
41.5000 31
42.1500 31
42.5000 32
42.9500 32
43.3500 32
43.5000 32
44.1500 32
44.3500 32
44.7500 32
45.4000 34
46.0500 35
46.5500 35
46.9500 35
47.3000 35
47.4500 35
48.0000 35
48.5500 35
49.1000 35
49.6000 35
49.7000 35
50.2000 35
50.7000 36
51.0000 36
51.3000 36
51.8500 36
52.4000 36
52.8000 36
53.3000 37
54.0000 37
54.6500 37
55.1000 37
55.3000 38
55.6500 38
56.3000 38
56.9000 38
57.1500 38
57.8000 38
57.9500 39
58.6500 39
59.3000 40
59.7500 40
60.4000 40