0.5500 0
1.0500 1
1.5500 1
2.1500 1
2.5000 2
3.1000 2
3.7000 2
4.3000 2
4.7500 4
5.3500 6
5.9000 6
6.5500 7
7.0000 7
7.4000 8
7.7500 8
8.2000 9
8.8000 10
9.3500 10
9.5500 10
10.2000 10
10.8000 10
11.2000 11
11.5000 12
12.1500 12
12.5500 13
13.1500 13
13.8000 13
14.2000 13
14.8500 13
15.1500 13
15.4500 14
16.1000 16
16.7500 16
17.1000 16
17.5000 16
18.1500 16
18.6000 17
19.2500 17
19.5000 17
19.8500 17
20.4500 18
20.8000 19
21.2500 19
21.8000 19
22.2500 19
22.7000 19
23.1000 20
23.5000 21
24.1500 21
24.5500 22
25.1000 22
25.7000 22
26.1500 22
26.7500 22
27.2000 22
27.8000 23
28.4500 23
28.8500 23
29.5000 23
30.1000 24
30.4000 24
30.7000 24
31.3000 24
32.0000 24
32.4500 24
32.9500 24
33.6000 24
34.1000 25
34.4500 25
35.1500 25
35.6000 25
35.9000 25
36.5000 25
37.1500 25
37.5500 25
37.7500 25
38.4000 26
39.0500 26
39.5500 27
39.9500 27
40.2500 27
40.7000 27
41.1000 27
41.5500 27
41.9000 28
42.4000 28
42.6500 28
42.9500 28
43.3500 28
43.8500 28
44.3500 28
44.7000 28
45.3000 28
45.7500 28
46.1000 28
46.4500 28
47.1000 28
47.4500 28
48.0000 29
48.6000 30
48.9500 30
49.5000 30
49.9000 31
50.2500 31
50.9000 31
51.4500 32
52.0500 33
52.2500 33
52.9000 33
53.3500 33
53.6500 34
54.1000 35
54.7500 35
55.1500 35
55.7000 35
56.2000 35
56.8500 35
57.2000 35
57.6500 36
58.2500 36
58.4500 36
59.0000 36
59.6000 36
60.2000 36