0.5000 0
0.7500 0
1.0500 0
1.2500 0
1.9000 0
2.3500 0
2.5500 0
2.9500 0
3.3000 0
3.9000 2
4.5000 2
5.1500 2
5.4000 4
6.0000 4
6.5500 4
7.0000 4
7.5500 4
8.2000 6
8.4000 6
8.8000 6
9.2000 8
9.5500 8
9.9000 8
10.5000 8
11.1000 8
11.3500 9
11.8500 9
12.5000 11
13.1500 12
13.4500 13
14.1000 13
14.6500 13
15.3000 13
15.9500 13
16.5500 13
16.7500 13
17.3500 14
17.8500 14
18.5000 15
19.1000 15
19.7500 15
20.4000 16
20.8000 16
21.2500 17
21.6000 17
22.2000 18
22.6000 18
23.2000 18
23.8500 18
24.5000 19
24.8500 19
25.1500 19
25.8000 19
26.1500 20
26.8000 20
27.4500 20
27.7500 20
28.3500 21
29.0000 22
29.6500 23
30.2000 23
30.5000 23
31.1500 24
31.8000 24
32.4500 24
32.8500 26
33.5000 26
33.6500 26
34.1000 26
34.7500 26
35.4000 26
35.7500 26
36.1000 26
36.7500 27
37.4000 28
38.0500 30
38.7500 30
39.4000 31
39.8500 31
40.5000 32
41.1000 32
41.3500 32
41.9000 33
42.5500 33
43.2000 33
43.6500 33
44.0500 33
44.6500 34
45.3000 34
45.6500 34
46.3000 34
46.6500 34
47.3000 34
47.9000 35
48.5000 35
49.2000 35
49.3000 35
49.9000 35
50.1500 35
50.3000 35
50.7500 35
51.4000 35
51.7500 35
52.4000 35
52.7500 35
53.4500 35
53.6000 35
54.2500 35
54.9000 35
55.4500 36
56.1000 36
56.6000 36
56.8500 36
57.5000 36
58.2000 36
58.4500 36
59.1000 37
59.7500 37
60.4500 38