0.2500 0
0.6500 0
1.2500 0
1.4500 0
2.0500 0
2.7000 1
3.1000 1
3.7000 2
4.1000 3
4.7500 4
5.3500 5
5.7000 6
6.0500 6
6.5000 6
7.1500 6
7.3500 6
7.6000 7
8.2500 8
8.8000 10
9.2500 10
9.8500 10
10.1500 11
10.8000 11
10.9500 11
11.5500 12
12.1500 12
12.8000 12
13.3000 13
13.9000 13
14.3500 13
14.5500 13
15.0500 13
15.4000 14
15.8000 15
16.1500 15
16.3500 15
16.8000 16
17.1500 16
17.5000 16
17.8500 16
18.4000 17
18.9000 17
19.5000 18
19.8500 19
20.1500 19
20.4500 19
20.8000 19
21.0500 19
21.4500 19
21.7500 19
22.3500 19
23.0000 21
23.4500 22
24.1000 22
24.7500 22
25.1500 22
25.8000 22
26.4000 23
26.7500 24
27.2000 24
27.5500 24
28.2000 24
28.6000 25
29.2500 25
29.8000 26
30.4500 26
30.8000 26
31.2000 26
31.7500 26
32.4000 27
33.0500 27
33.7000 27
34.2500 27
34.8500 28
35.4500 28
35.9500 28
36.5500 28
37.2000 29
37.8500 30
38.1000 31
38.7500 31
39.1500 31
39.6500 31
39.9500 31
40.4500 31
41.1000 31
41.4500 31
41.9000 31
42.4500 32
42.8000 32
43.2500 32
43.7500 32
44.0500 32
44.3000 32
44.9000 35
45.2000 35
45.4500 35
45.8000 35
46.4000 35
46.9500 35
47.3500 35
47.5500 35
47.9500 36
48.4500 36
48.7000 36
49.1500 36
49.3500 36
49.8500 38
50.3000 38
50.6500 38
50.9500 38
51.5500 38
52.0500 38
52.4000 38
52.9500 39
53.6000 39
54.2000 39
54.6000 39
55.2500 39
55.6000 39
55.9500 39
56.6000 39
56.9500 40
57.3500 40
57.9500 40
58.4500 40
58.9500 40
59.2500 40
59.8000 40
60.1500 40