0.6000 0
0.7500 0
1.3500 1
1.7500 1
2.1000 1
2.3500 2
2.6500 2
3.3000 2
3.6000 2
3.9000 2
4.4500 2
4.8000 6
5.2000 6
5.4500 6
5.9500 6
6.5500 6
6.8500 6
7.3000 7
7.8500 7
8.2500 8
8.4500 9
8.7000 9
9.1500 9
9.4000 9
10.0500 10
10.2500 10
10.5500 10
10.7000 10
10.9000 10
11.2000 11
11.5500 12
11.9500 13
12.1500 13
12.4500 14
13.1000 14
13.5500 14
13.8500 14
14.2000 14
14.6500 14
15.1000 14
15.6500 16
15.9500 17
16.4000 17
16.5000 17
16.9500 17
17.6000 17
17.9500 17
18.1500 17
18.6000 19
19.0000 19
19.4500 19
19.7000 19
20.2000 20
20.6500 20
20.9500 20
21.3000 20
21.7000 20
22.0500 24
22.5000 24
22.8500 24
23.1000 24
23.4500 24
23.9000 24
24.3500 24
24.7500 25
25.1000 26
25.2000 26
25.6000 26
26.1500 26
26.6000 26
27.0500 26
27.4500 26
28.1000 26
28.6000 26
29.2500 26
29.6500 26
30.0000 26
30.5000 26
31.2000 26
31.7500 26
32.2000 26
32.5500 26
32.9500 27
33.4000 27
33.8500 28
34.2000 28
34.5000 28
34.9000 28
35.5500 28
35.9500 28
36.4500 28
36.8500 28
37.2000 28
37.8000 29
38.3500 29
38.7000 29
39.1000 29
39.3000 29
39.7500 29
40.0000 29
40.5000 29
40.7000 29
41.1000 29
41.5000 30
41.7500 30
42.2000 30
42.7500 30
43.3000 30
43.5500 30
43.8000 30
44.1000 30
44.5000 30
44.8000 30
45.1000 30
45.6000 30
46.1000 30
46.6000 30
46.9500 30
47.2500 30
47.7000 30
48.0500 30
48.3000 30
48.6000 30
49.2500 30
49.4000 30
49.7000 30
50.1000 30
50.2500 30
50.9000 31
51.1500 31
51.4000 31
51.9500 31
52.2500 31
52.6500 31
53.2500 31
53.7000 31
53.9500 31
54.1500 31
54.3000 31
54.6000 31
55.1000 31
55.4500 31
55.9000 32
56.2000 32
56.8500 32
57.2500 33
57.5000 33
58.0500 33
58.7500 34
59.4000 34
59.6000 36
59.9500 36
60.3500 36