0.4500 0
1.0500 0
1.6500 0
2.2000 0
2.7500 0
3.3500 0
3.9500 2
4.5500 2
5.1500 2
5.7000 3
6.3000 5
6.9500 5
7.5500 5
7.8500 7
8.4500 7
9.0500 8
9.7000 8
10.3000 8
10.9500 9
11.5500 10
12.0000 11
12.1500 11
12.7500 11
13.4000 13
13.7500 13
14.2500 13
14.8500 13
15.5000 14
16.1000 15
16.7500 15
17.1500 16
17.5000 16
18.1000 16
18.7500 16
19.3500 17
20.0000 18
20.6500 19
21.3000 19
21.9000 19
22.5500 21
23.2000 21
23.7000 21
24.3500 21
24.6500 22
25.0500 23
25.3500 23
25.6500 23
26.1000 23
26.7500 24
27.4000 24
27.9500 25
28.3000 25
28.9500 25
29.6000 25
30.2500 25
30.8000 25
31.4500 26
32.1000 26
32.6500 26
33.3000 26
33.8000 27
34.4000 27
35.0500 28
35.7500 28
36.4000 28
37.0500 28
37.7000 28
38.3000 29
38.9500 30
39.6000 30
40.2500 30
40.5500 30
41.1500 30
41.8000 31
42.5000 31
42.9000 31
43.5500 32
44.2000 32
44.5500 32
44.9500 32
45.6500 33
46.0000 33
46.6500 33
46.9000 33
47.5500 34
48.2500 36
48.9000 37
49.5500 37
50.1000 37
50.3500 37
50.7000 37
51.1000 37
51.8000 38
52.4500 39
53.1000 39
53.6500 39
53.9500 39
54.6500 39
55.3000 39
55.9500 39
56.6500 39
57.0000 40
57.6500 40
58.3500 40
58.8000 40
59.1000 40
59.7500 40
60.3500 40