0.5500 0
0.8500 0
1.0000 0
1.6000 0
1.9000 0
2.0500 0
2.3500 0
2.9500 0
3.3000 0
3.9500 2
4.5500 2
4.8500 3
5.5000 3
5.9500 4
6.5500 5
7.2000 5
7.8000 7
8.3500 7
8.9500 8
9.1500 9
9.8000 9
10.3500 9
10.7000 10
11.3000 10
11.9000 11
12.5500 13
12.9500 14
13.6000 14
14.2500 14
14.8500 15
15.0000 15
15.2000 15
15.4500 15
16.0500 15
16.7000 15
17.3500 15
18.0000 16
18.6000 16
18.8500 17
19.5000 17
19.7000 18
20.3000 18
20.9500 18
21.6000 18
22.2500 18
22.9000 18
23.2500 18
23.5500 18
23.9000 18
24.5500 19
25.1500 19
25.5000 19
26.1500 19
26.5500 20
27.2000 20
27.7500 20
28.1500 20
28.6500 20
29.3000 20
29.9000 21
30.5000 22
30.8500 23
31.3000 23
31.9500 23
32.2000 24
32.6500 24
33.3000 24
33.9500 24
34.6000 25
35.1500 25
35.8000 25
36.4500 25
36.9500 25
37.5500 25
38.0500 25
38.3500 25
38.9500 25
39.5000 25
40.1000 25
40.7500 26
41.2500 26
41.9000 26
42.5500 26
43.2000 27
43.6000 27
43.9000 27
44.5000 27
45.1500 27
45.8000 27
46.1000 27
46.6500 28
47.3000 28
47.9500 29
48.6000 29
49.2500 29
49.9500 29
50.6000 29
51.2500 30
51.9000 30
52.3500 30
52.6500 30
52.8000 30
53.3500 30
54.0000 30
54.6000 30
55.2500 30
55.9000 30
56.5500 31
56.8500 32
57.5000 32
57.8500 32
58.5000 33
58.6500 33
59.3000 33
59.6500 33
60.3000 33