0.2500 0
0.8500 0
1.2000 0
1.8000 0
2.1000 0
2.7000 1
2.9500 1
3.5500 1
4.1000 3
4.7000 4
5.2000 5
5.8000 5
6.4500 5
7.0500 5
7.6500 5
8.3000 8
8.9500 10
9.1500 10
9.5000 10
10.1000 10
10.6500 10
10.7500 10
11.1000 10
11.7000 10
12.3500 12
12.9500 12
13.5500 12
14.0000 13
14.3500 13
14.8500 13
15.4500 14
16.0000 15
16.6000 16
17.2000 16
17.8000 16
18.0500 16
18.7000 17
19.3500 19
19.7000 19
20.0500 19
20.3500 20
20.9500 20
21.4000 20
22.0500 21
22.4500 23
22.9000 23
23.5500 23
24.0500 23
24.3500 23
24.8000 23
25.2500 23
25.8000 24
26.4500 24
27.1000 24
27.5500 25
28.2000 25
28.8500 25
29.4500 26
30.0500 26
30.1500 26
30.8000 26
31.4500 26
31.8000 26
32.4500 27
33.1000 27
33.5500 28
34.2000 28
34.6000 28
35.1000 28
35.7500 28
36.4000 28
37.0500 28
37.4500 29
37.8500 29
38.2500 29
38.6500 29
39.0000 29
39.6500 29
40.3000 29
40.8500 31
41.2500 31
41.8500 31
42.2500 31
42.6500 32
43.3000 32
43.7500 32
44.4000 32
44.7500 32
45.4000 34
45.7500 34
46.4000 34
47.0500 34
47.7000 34
48.2000 34
48.5500 35
49.2000 35
49.8500 35
50.5000 35
51.1500 35
51.6500 35
51.9000 35
52.5500 35
53.2500 35
53.9000 36
54.1500 36
54.8000 36
55.3000 36
55.9500 36
56.6000 36
57.1000 36
57.7000 36
58.1000 36
58.6500 36
59.2000 36
59.8000 36
60.4500 36