0.5000 0
1.1000 1
1.7500 2
2.1500 4
2.7500 4
3.0500 4
3.6500 4
3.9000 4
4.1500 4
4.7000 6
4.8500 7
5.4000 8
6.0000 9
6.6500 9
7.2500 10
7.8000 11
8.4500 11
9.0500 11
9.4000 12
10.0000 12
10.1500 13
10.7500 13
11.3500 13
12.0000 13
12.4000 14
12.8000 14
13.4500 14
14.0500 15
14.7000 16
15.0000 16
15.5000 16
15.9000 16
16.5000 16
17.1500 16
17.7500 16
18.4000 17
18.8500 19
19.1500 21
19.5000 21
20.1500 21
20.8000 21
21.4000 21
22.0000 22
22.6500 22
23.1500 22
23.5500 23
24.1500 24
24.7500 24
25.2000 24
25.4000 25
26.0500 26
26.4500 26
27.1000 27
27.6500 27
28.3000 27
28.6500 28
29.0500 28
29.7000 29
30.2500 29
30.9000 30
31.0500 31
31.6500 31
32.3000 31
32.7500 32
32.9000 33
33.1500 33
33.2500 33
33.9000 33
34.5000 33
35.1500 33
35.4000 34
35.9500 35
36.6000 35
37.2500 35
37.8500 35
38.5000 36
39.1000 37
39.6000 38
40.2500 38
40.9000 38
41.5500 38
42.2000 38
42.8500 38
43.5000 38
43.9000 38
44.2500 38
44.6000 38
45.2000 38
45.6500 38
45.9500 38
46.6500 38
47.3000 38
47.9500 38
48.6500 38
49.1000 38
49.7500 38
50.4500 38
51.1000 38
51.4500 38
52.1500 38
52.8000 38
53.4500 38
53.7500 38
54.3500 38
55.0500 38
55.5500 38
56.2000 38
56.9000 38
57.5500 38
58.2000 38
58.8500 38
59.2500 38
59.8500 38
60.5000 38