0.6000 0
1.0500 1
1.6500 2
2.3000 4
2.9000 4
3.2500 4
3.8500 4
4.4500 4
4.7000 6
4.9500 7
5.5500 7
5.9000 8
6.3000 8
6.7000 9
7.3000 10
7.9500 11
8.6000 11
8.7500 11
9.3000 11
9.8000 14
10.4000 15
11.0500 15
11.7000 15
11.9000 15
12.5000 16
13.1500 16
13.8000 16
14.4000 16
14.9000 17
15.5500 18
16.2000 18
16.8500 18
17.4500 18
18.0000 19
18.6500 20
19.3000 20
19.7000 20
20.3500 20
20.5000 21
21.1500 21
21.8000 22
22.4500 22
23.1000 23
23.6000 23
24.2000 23
24.8000 23
25.3500 23
25.7500 24
26.4000 26
27.0500 26
27.7000 26
28.1500 27
28.8000 28
29.4500 28
29.8000 28
30.4500 28
31.1000 28
31.6000 28
32.2500 29
32.7000 30
33.1000 30
33.5500 30
34.2000 30
34.7000 30
35.1500 30
35.8000 32
36.2500 32
36.5000 32
37.1500 32
37.8000 32
38.4500 33
39.1000 34
39.5000 35
39.9000 35
40.5000 35
40.7000 35
41.3500 35
42.0000 35
42.4500 35
42.7000 35
43.2500 35
43.9000 36
44.5500 36
45.2500 36
45.8000 36
46.4500 36
46.8500 36
47.3000 36
47.7000 36
48.3500 36
49.0500 36
49.3500 36
49.8000 36
50.4500 36
51.1500 36
51.8000 36
51.9000 36
52.5500 37
53.1500 37
53.8000 38
54.1500 38
54.4000 38
55.0500 38
55.7000 38
56.3000 38
56.9500 38
57.2000 38
57.6500 38
58.0500 38
58.7000 38
59.4000 38
59.9000 39
60.5500 39