0.4500 0
0.8500 1
1.4500 2
1.7500 3
2.3500 4
2.9500 4
3.6000 4
4.2000 4
4.7000 6
5.2500 7
5.8000 8
6.4500 9
6.7000 9
7.3500 10
7.9500 11
8.5000 11
8.8500 11
9.2000 12
9.8500 14
10.5000 15
10.7000 15
11.3000 15
11.8500 15
12.4500 16
13.1000 16
13.6500 18
13.9500 18
14.4000 18
15.0500 18
15.3500 19
15.6500 19
16.3000 19
16.8500 19
17.5000 19
18.0000 20
18.6500 22
19.3000 22
19.8000 23
20.1500 23
20.5500 25
20.8500 25
21.2500 25
21.9000 25
22.3500 26
22.8500 26
23.2500 26
23.9000 26
24.5500 26
25.2000 26
25.8500 26
26.5000 26
26.8000 26
27.3500 29
28.0000 29
28.6500 29
29.3000 30
29.7500 30
30.4000 31
30.9000 31
31.3000 31
31.4500 31
32.1000 31
32.7500 32
33.4500 33
33.8500 33
34.4500 33
34.9500 33
35.6000 33
36.3000 33
36.7500 35
37.1000 35
37.7500 35
38.1000 35
38.6000 35
39.2500 35
39.8000 35
40.3000 36
40.9500 37
41.4000 37
42.1000 37
42.7000 37
43.4000 37
44.0500 37
44.6500 37
45.3000 37
45.5500 37
46.2000 37
46.9000 37
47.4500 37
47.8000 37
48.5000 37
49.1500 37
49.8000 37
50.5000 37
50.8000 37
51.4500 37
51.9500 37
52.6000 37
53.0500 37
53.5500 37
54.2000 37
54.4500 37
55.1000 37
55.4500 37
56.1000 37
56.7500 37
57.3000 37
57.8500 37
58.5500 37
59.1500 37
59.6000 37
60.0500 37
60.3500 37
61.0000 37
61.4500 37
61.9000 37
62.1000 37
62.7500 37
63.4500 37
63.8500 37
64.5500 37
64.8500 37
65.5000 37
66.2000 37
66.3500 37
67.0000 37
67.7000 37
68.3500 37
68.8500 37
69.4000 37
70.0000 37
70.3500 37
70.8000 37
70.9500 37
71.6000 37
72.0000 37
72.4500 37
73.1500 37
73.8000 37
74.4500 37
75.1500 37
75.5000 37
76.0000 37
76.7000 37
77.3500 37
77.6000 37
77.9500 37
78.2500 37
78.7500 37
79.1000 37
79.8000 37
80.4500 37
81.1000 37
81.8000 37
82.2000 37
82.5500 37
83.2000 37
83.5500 37
84.2000 37
84.3500 37
84.7500 37
85.0000 37
85.6500 37
85.8500 37
86.0500 37
86.3500 37
86.6500 37
87.1500 37
87.7500 37
88.4000 37
89.0500 37
89.7500 37
90.2000 37
90.5500 37
91.0000 37
91.6500 37
92.0500 37
92.2000 37
92.8500 37
93.5000 37
94.0000 37
94.6500 37
95.3000 37
95.7000 37
96.3500 37
96.9500 37
97.3500 37
98.0000 37
98.6500 37
99.1000 37
99.4000 37
99.6500 37
100.0500 37
100.5000 37
100.7000 37
101.0500 37
101.7000 37
102.4000 37
102.9000 37
103.2500 37
103.8000 37
104.2000 37
104.6500 37
104.8500 37
105.1000 37
105.6500 37
106.0000 37
106.1500 37
106.5500 37
107.2500 37
107.4500 37
107.6500 37
107.9000 37
108.2000 37
108.6500 37
109.1500 37
109.5000 37
110.0000 37
110.3500 37
111.0000 37
111.6500 37
112.2000 37
112.6000 37
112.9500 37
113.5000 37
113.8500 37
114.5000 37
115.1000 37
115.5000 37
116.1500 37
116.8000 37
117.4500 37
117.8500 37
118.5000 37
119.2000 37
119.8500 37
120.5500 37
120.9500 37
121.3500 37
121.7500 37
122.4000 37
122.8500 37
123.5500 37
124.0500 37
124.7000 37
125.4000 37
125.7000 37
125.9000 37
126.2500 37
126.3500 19
