0.3500 0
0.7000 1
1.3000 1
1.9000 3
2.5500 4
3.1500 4
3.5500 4
4.1500 4
4.7500 6
5.2000 8
5.8000 8
6.4500 9
7.0500 9
7.5000 10
8.1500 11
8.7500 11
9.3500 11
9.9500 15
10.6000 15
11.2500 15
11.8500 15
12.5000 16
12.8000 16
13.4000 16
14.0500 16
14.7000 17
15.3000 17
15.5500 18
16.1500 19
16.8000 19
17.4500 19
17.9500 20
18.5000 20
18.9000 20
19.5500 21
20.0000 22
20.6500 22
21.0000 22
21.6000 22
22.2500 23
22.9000 24
23.4500 25
24.1000 25
24.7500 25
25.2500 26
25.9000 28
26.5500 28
27.2000 29
27.7500 29
28.1500 29
28.7500 29
29.4000 30
30.0500 30
30.6500 30
31.1000 30
31.7500 31
32.4000 31
33.0500 31
33.5500 31
34.2000 33
34.8000 35
35.5000 35
36.1500 35
36.8000 35
37.4500 35
37.9500 36
38.6000 36
39.1500 36
39.8000 36
40.1000 36
40.4500 36
40.9500 36
41.6000 36
42.3000 36
42.8500 36
43.1000 37
43.7500 37
44.4000 37
45.0500 37
45.7500 37
46.0000 37
46.6000 37
47.2500 37
47.9000 37
48.2000 37
48.6500 38
49.3000 38
49.9500 38
50.6000 38
50.9500 38
51.6000 38
52.2000 38
52.8500 38
53.3000 38
53.9500 38
54.6000 38
55.2500 38
55.8000 38
56.2000 38
56.9000 38
57.2000 38
57.8500 38
58.5500 38
59.2000 38
59.7500 38
60.4000 39