0.4500 0
0.7500 1
1.1500 1
1.5500 1
1.7500 1
2.1500 1
2.5000 1
3.0500 2
3.4000 2
3.7000 3
4.1500 3
4.6000 4
4.8000 4
5.0000 5
5.2000 5
5.5500 5
6.1500 5
6.5500 5
6.8000 5
7.0500 5
7.6000 6
7.9000 8
8.4000 9
8.8000 9
9.3500 9
9.8000 9
10.1500 10
10.6500 11
11.3000 11
11.9000 12
12.5500 12
12.9000 12
13.3000 13
13.7500 13
14.3500 14
14.9000 16
15.5000 16
15.7500 16
15.9500 16
16.6000 16
16.9500 16
17.6000 17
18.0500 18
18.5000 18
19.1500 19
19.5500 19
19.9500 19
20.4000 19
21.0500 19
21.6000 19
22.2000 19
22.8500 20
23.2000 20
23.7500 20
24.1000 20
24.7000 20
25.3500 20
25.7500 21
25.9500 21
26.2500 21
26.7000 21
27.2500 21
27.7000 22
28.3500 23
28.8000 23
29.4000 24
30.0500 24
30.7000 24
31.2500 24
31.6000 24
32.0000 25
32.6500 25
33.0000 26
33.6500 26
34.1000 26
34.2500 26
34.9000 27
35.3500 28
36.0000 28
36.6000 28
36.7500 28
37.4000 28
37.7000 28
38.1500 29
38.8000 30
39.2500 30
39.9000 30
40.5500 30
41.1000 30
41.7500 31
42.3000 31
42.7500 31
43.1000 31
43.6500 31
44.3000 31
44.7000 31
45.2000 31
45.4500 31
45.9000 31
46.4500 32
46.6000 32
47.0000 32
47.4000 32
48.0500 32
48.7500 32
49.4000 33
49.9000 33
50.2000 33
50.6000 33
50.8000 35
51.1500 35
51.8000 35
52.2500 35
52.8500 35
53.4000 35
53.9000 35
54.0500 35
54.7000 35
55.3500 35
55.7500 35
56.1000 35
56.7500 35
57.1000 35
57.7000 36
57.9000 36
58.2500 36
58.7500 36
59.4000 36
60.0500 36