0.4500 0
0.9500 0
1.5500 1
2.2000 1
2.5000 2
3.1000 2
3.7500 2
4.3000 2
4.9000 5
5.2000 6
5.3500 6
5.9500 6
6.6000 7
7.1500 7
7.5500 8
8.2000 9
8.8000 10
9.1500 10
9.6000 10
9.8500 10
10.5000 10
10.8500 10
11.0000 10
11.4500 12
11.7000 12
12.3500 12
12.7000 13
13.1500 13
13.3500 13
13.9500 13
14.2000 13
14.8500 13
15.4500 13
15.8500 16
16.5000 16
16.9500 16
17.3000 16
17.9500 16
18.4000 16
19.0500 18
19.6000 18
19.9000 18
20.3500 19
21.0000 19
21.4000 19
21.6500 19
22.0500 19
22.7000 20
22.9500 21
23.3500 22
24.0000 23
24.4000 23
24.9000 23
25.3000 23
25.9000 23
26.5500 23
27.2000 23
27.6000 24
27.9000 24
28.3000 24
28.6000 24
29.2000 24
29.6000 24
29.8500 24
30.0500 24
30.3500 24
30.5000 24
31.1500 24
31.3000 25
31.6000 25
32.0000 25
32.5000 26
33.1500 26
33.8000 26
34.0000 26
34.6500 26
35.3000 26
35.9500 27
36.2500 27
36.9000 27
37.5500 28
38.2000 28
38.6000 28
39.2500 28
39.7500 28
40.0500 28
40.2500 28
40.7500 28
41.1500 28
41.8000 28
42.4500 29
43.1000 29
43.7500 30
44.4000 30
45.0500 31
45.3500 31
45.6500 31
45.8500 31
46.1500 31
46.8000 31
47.5000 32
47.7000 32
48.0500 33
48.4500 33
48.8500 33
49.5000 33
50.1500 33
50.6500 33
50.9000 34
51.5500 34
52.2000 34
52.9000 35
53.3000 35
53.5500 35
54.1000 35
54.8000 35
55.2000 35
55.6500 35
56.3000 35
56.5000 35
57.0500 35
57.7000 35
58.3500 35
58.8000 35
59.4500 35
60.1000 35