0.6000 0
1.1000 1
1.7000 1
2.0500 1
2.2500 1
2.9000 2
3.2000 2
3.8000 3
4.4500 3
4.6500 4
5.2500 6
5.9000 6
6.2000 7
6.5500 7
7.1500 8
7.7500 8
8.1000 9
8.7000 9
9.2000 9
9.7500 10
10.3500 11
10.7500 11
11.3500 12
11.6500 12
12.0000 12
12.3000 12
12.9500 13
13.1000 13
13.5000 14
14.0000 16
14.5000 16
14.7000 16
15.3000 16
15.6000 16
15.9000 16
16.4500 18
17.1000 18
17.5500 18
17.8500 18
18.2000 19
18.3500 19
18.7000 19
18.9000 20
19.5500 20
20.1500 20
20.5000 20
21.1500 21
21.3000 21
21.8500 21
22.4000 23
23.0500 24
23.6500 24
23.8500 24
24.1500 24
24.5000 24
25.1500 25
25.7500 25
26.1000 25
26.6000 26
27.2500 26
27.7000 26
28.1000 27
28.4500 27
29.1000 28
29.3500 28
29.8000 29
30.2500 29
30.5000 29
30.9500 29
31.5500 29
32.0000 30
32.5000 31
32.9500 32
33.1000 32
33.6500 32
34.3000 32
34.7000 33
35.4000 33
36.0500 34
36.5000 34
37.0500 34
37.4000 34
37.9000 35
38.2500 35
38.9500 35
39.6000 35
40.2500 35
40.9500 35
41.6000 36
42.2500 36
42.9000 36
43.4500 36
43.6500 36
44.3000 36
44.7500 36
45.1500 36
45.8500 36
46.4500 36
47.0000 37
47.5000 37
48.0000 37
48.6500 37
49.1500 37
49.7000 37
50.0500 37
50.7500 37
51.4000 37
51.6000 37
52.3000 37
52.9500 37
53.6000 38
53.8500 38
54.4000 38
55.1000 38
55.3500 38
55.6000 38
56.0500 38
56.2500 38
56.9000 38
57.2500 38
57.7000 39
58.1500 39
58.6000 39
58.9500 39
59.2000 39
59.8000 39
60.3000 39