0.4500 0
1.0500 0
1.6500 0
2.2500 0
2.6000 0
3.0000 0
3.6000 1
4.2000 2
4.8500 3
5.4000 3
6.0000 4
6.6000 5
7.1000 5
7.3500 5
8.0000 7
8.5500 7
9.0500 9
9.3500 9
9.5000 9
10.1500 9
10.4500 9
11.0500 10
11.7000 10
12.3000 11
12.8500 13
13.5000 14
14.1000 14
14.7500 15
15.4000 15
16.0000 15
16.6500 15
16.9500 15
17.4000 15
18.0000 16
18.6000 16
18.9500 16
19.5500 16
20.2000 16
20.5500 16
21.2000 16
21.8000 16
22.4000 16
22.7500 18
23.2000 18
23.7000 18
24.1500 18
24.3500 18
25.0000 18
25.6500 18
26.1000 19
26.7000 19
27.1000 20
27.6500 21
28.3000 21
28.5500 23
29.1500 23
29.5500 23
30.0000 25
30.2500 25
30.8500 25
31.3000 25
31.7500 25
32.4000 25
32.6500 25
33.0000 25
33.6500 25
34.1500 25
34.8000 25
35.4000 28
35.7000 28
36.1500 28
36.4500 28
37.0500 28
37.7000 28
38.2500 30
38.6500 30
39.3000 31
39.9500 31
40.6000 31
41.2500 31
41.6000 31
42.1500 31
42.8000 32
43.3000 32
43.9500 33
44.4000 33
44.5500 34
45.2500 35
45.6000 36
46.3000 36
46.9500 36
47.2500 36
47.6500 36
48.2500 36
48.9000 36
49.0500 36
49.7500 36
50.3500 37
50.7000 38
51.3000 38
51.6000 38
52.1000 38
52.7500 38
53.4000 39
53.9500 39
54.6000 39
55.2500 39
55.7000 39
56.1500 39
56.6000 39
57.2500 40
57.5500 40
57.9500 40
58.4500 40
58.6500 40
58.8500 40
59.4500 40
60.0000 40